0	0.1939932624	-0.7424818419	0	-0.6845775371	-0.7289400494	0	0.7289400494	-0.6845775371	0	0	0	1
0.01	0.2103813136	-0.7438036372	0	-0.6836647259	-0.7297962336	0	0.7297962336	-0.6836647259	0	0	0	1
0.02	0.2232170686	-0.7471142477	0	-0.6695068176	-0.7428059109	0	0.7428059109	-0.6695068176	0	0	0	1
0.03	0.2333676352	-0.7520203595	0	-0.6456621887	-0.763623165	0	0.763623165	-0.6456621887	0	0	0	1
0.04	0.2417329951	-0.757929009	0	-0.6129382534	-0.7901308104	0	0.7901308104	-0.6129382534	0	0	0	1
0.05	0.2498726633	-0.7642553033	0	-0.5743328268	-0.8186218932	0	0.8186218932	-0.5743328268	0	0	0	1
0.06	0.2594254891	-0.7707683861	0	-0.5341778705	-0.845372109	0	0.845372109	-0.5341778705	0	0	0	1
0.07	0.2714774505	-0.7775745915	0	-0.495839899	-0.8684139534	0	0.8684139534	-0.495839899	0	0	0	1
0.08	0.2863800343	-0.78493263	0	-0.4610884263	-0.8873541926	0	0.8873541926	-0.4610884263	0	0	0	1
0.09	0.3038218979	-0.7931126041	0	-0.4302797552	-0.9026955922	0	0.9026955922	-0.4302797552	0	0	0	1
0.1	0.3230018481	-0.8023283749	0	-0.402646676	-0.9153554797	0	0.9153554797	-0.402646676	0	0	0	1
0.11	0.3428596629	-0.8127268886	0	-0.3767222855	-0.926326249	0	0.926326249	-0.3767222855	0	0	0	1
0.12	0.3623083387	-0.8244031061	0	-0.3508620328	-0.9364271643	0	0.9364271643	-0.3508620328	0	0	0	1
0.13	0.3804087724	-0.8374090702	0	-0.3236742634	-0.9461685744	0	0.9461685744	-0.3236742634	0	0	0	1
0.14	0.3964594743	-0.8517506579	0	-0.2942293578	-0.9557348403	0	0.9557348403	-0.2942293578	0	0	0	1
0.15	0.4100075616	-0.8673845892	0	-0.262042643	-0.9650562954	0	0.9650562954	-0.262042643	0	0	0	1
0.16	0.419049896	-0.8838055051	0	-0.2179390095	-0.9759623907	0	0.9759623907	-0.2179390095	0	0	0	1
0.17	0.4235898972	-0.8987446707	0	-0.1598914671	-0.9871346001	0	0.9871346001	-0.1598914671	0	0	0	1
0.18	0.425838033	-0.9123232199	0	-0.1313834388	-0.9913316256	0	0.9913316256	-0.1313834388	0	0	0	1
0.19	0.4258626306	-0.9232675757	0	-0.1319880037	-0.9912513137	0	0.9912513137	-0.1319880037	0	0	0	1
0.2	0.4265694587	-0.929817632	0	-0.1221761848	-0.9925084281	0	0.9925084281	-0.1221761848	0	0	0	1
0.21	0.4280445926	-0.9315849809	0	-0.1011000808	-0.9948762605	0	0.9948762605	-0.1011000808	0	0	0	1
0.22	0.4301677656	-0.9294609873	0	-0.07064788223	-0.9975013167	0	0.9975013167	-0.07064788223	0	0	0	1
0.23	0.432714422	-0.9248126444	0	-0.03475468866	-0.9993958733	0	0.9993958733	-0.03475468866	0	0	0	1
0.24	0.4355579872	-0.918738171	0	0.003027450675	-0.9999954173	0	0.9999954173	0.003027450675	0	0	0	1
0.25	0.4387816895	-0.9118140536	0	0.04194159855	-0.999120064	0	0.999120064	0.04194159855	0	0	0	1
0.26	0.442634154	-0.903964392	0	0.08429681657	-0.996440689	0	0.996440689	0.08429681657	0	0	0	1
0.27	0.4472960772	-0.8951083639	0	0.1308344649	-0.9914042278	0	0.9914042278	0.1308344649	0	0	0	1
0.28	0.452790651	-0.8853606934	0	0.1805802147	-0.9835602605	0	0.9835602605	0.1805802147	0	0	0	1
0.29	0.4590132171	-0.8749436851	0	0.2317798932	-0.9727682566	0	0.9727682566	0.2317798932	0	0	0	1
0.3	0.465781373	-0.864115461	0	0.2826119543	-0.9592343214	0	0.9592343214	0.2826119543	0	0	0	1
0.31	0.4728733345	-0.8531463683	0	0.3315057819	-0.9434531873	0	0.9434531873	0.3315057819	0	0	0	1
0.32	0.4800492234	-0.8423187489	0	0.3771957525	-0.9261335564	0	0.9261335564	0.3771957525	0	0	0	1
0.33	0.4870741063	-0.8319126743	0	0.4187417469	-0.9081053625	0	0.9081053625	0.4187417469	0	0	0	1
0.34	0.4937589478	-0.8221760792	0	0.455595429	-0.8901869495	0	0.8901869495	0.455595429	0	0	0	1
0.35	0.5000402361	-0.8133068547	0	0.4875318683	-0.8731051926	0	0.8731051926	0.4875318683	0	0	0	1
0.36	0.5063027169	-0.8054981101	0	0.5133827367	-0.8581597553	0	0.8581597553	0.5133827367	0	0	0	1
0.37	0.5125539036	-0.7987289169	0	0.5347601987	-0.8450038639	0	0.8450038639	0.5347601987	0	0	0	1
0.38	0.5184899783	-0.7928932423	0	0.5548358574	-0.8319598375	0	0.8319598375	0.5548358574	0	0	0	1
0.39	0.523971668	-0.7879373016	0	0.5748846011	-0.8182344991	0	0.8182344991	0.5748846011	0	0	0	1
0.4	0.5288902434	-0.7837990648	0	0.5951349107	-0.8036258072	0	0.8036258072	0.5951349107	0	0	0	1
0.41	0.5333946085	-0.7804221896	0	0.6144032623	-0.7889921618	0	0.7889921618	0.6144032623	0	0	0	1
0.42	0.5378304602	-0.7777486224	0	0.6327509238	-0.774355389	0	0.774355389	0.6327509238	0	0	0	1
0.43	0.5422973441	-0.775660394	0	0.6505885685	-0.7594303882	0	0.7594303882	0.6505885685	0	0	0	1
0.44	0.5468095815	-0.7740309936	0	0.6679833043	-0.7441762594	0	0.7441762594	0.6679833043	0	0	0	1
0.45	0.5513140542	-0.7727283109	0	0.6847554624	-0.7287729116	0	0.7287729116	0.6847554624	0	0	0	1
0.46	0.5557276667	-0.7716219341	0	0.7006405943	-0.7135143709	0	0.7135143709	0.7006405943	0	0	0	1
0.47	0.5599627479	-0.7705909659	0	0.7153869055	-0.6987285421	0	0.6987285421	0.7153869055	0	0	0	1
0.48	0.5639361514	-0.7695303216	0	0.7287824293	-0.6847453328	0	0.6847453328	0.7287824293	0	0	0	1
0.49	0.5675721631	-0.7683561612	0	0.7406548795	-0.671885667	0	0.671885667	0.7406548795	0	0	0	1
0.5	0.5708068918	-0.7670107241	0	0.7508715629	-0.6604482538	0	0.6604482538	0.7508715629	0	0	0	1
0.51	0.573599184	-0.7654665862	0	0.7593445249	-0.6506887831	0	0.6506887831	0.7593445249	0	0	0	1
0.52	0.5759548679	-0.7637338158	0	0.7660006839	-0.6428397563	0	0.6428397563	0.7660006839	0	0	0	1
0.53	0.5780762492	-0.7619400385	0	0.7701997094	-0.6378027968	0	0.6378027968	0.7701997094	0	0	0	1
0.54	0.5804885091	-0.7603389933	0	0.7713419266	-0.6364209553	0	0.6364209553	0.7713419266	0	0	0	1
0.55	0.5830445446	-0.758633336	0	0.7716151471	-0.6360896673	0	0.6360896673	0.7716151471	0	0	0	1
0.56	0.5855099291	-0.7565813874	0	0.7723579506	-0.6351875283	0	0.6351875283	0.7723579506	0	0	0	1
0.57	0.5878095624	-0.7541388787	0	0.7741551238	-0.6329959275	0	0.6329959275	0.7741551238	0	0	0	1
0.58	0.5900324216	-0.7513779834	0	0.7774189904	-0.6289830788	0	0.6289830788	0.7774189904	0	0	0	1
0.59	0.5924422848	-0.7485182814	0	0.7823041242	-0.6228966666	0	0.6228966666	0.7823041242	0	0	0	1
0.6	0.5954570872	-0.7459784095	0	0.7885391402	-0.6149845724	0	0.6149845724	0.7885391402	0	0	0	1
0.61	0.5998819133	-0.7440253637	0	0.7943416435	-0.6074712779	0	0.6074712779	0.7943416435	0	0	0	1
0.62	0.6062920335	-0.7425620762	0	0.7981798397	-0.6024192424	0	0.6024192424	0.7981798397	0	0	0	1
0.63	0.6152863538	-0.7413510965	0	0.8009130568	-0.5987806572	0	0.5987806572	0.8009130568	0	0	0	1
0.64	0.6276714848	-0.740520927	0	0.8009572898	-0.5987214878	0	0.5987214878	0.8009572898	0	0	0	1
0.65	0.6438312434	-0.7403864973	0	0.7949569211	-0.606665883	0	0.606665883	0.7949569211	0	0	0	1
0.66	0.6633752483	-0.7413523767	0	0.7815564392	-0.6238345393	0	0.6238345393	0.7815564392	0	0	0	1
0.67	0.6856103144	-0.7432462333	0	0.7607259914	-0.6490731592	0	0.6490731592	0.7607259914	0	0	0	1
0.68	0.7097756789	-0.7453195994	0	0.7340006173	-0.6791488009	0	0.6791488009	0.7340006173	0	0	0	1
0.69	0.7351406635	-0.746862752	0	0.7035269869	-0.7106685435	0	0.7106685435	0.7035269869	0	0	0	1
0.7	0.7611096319	-0.7477463128	0	0.670723038	-0.7417078983	0	0.7417078983	0.670723038	0	0	0	1
0.71	0.7873633825	-0.7484675426	0	0.6355537763	-0.7720566025	0	0.7720566025	0.6355537763	0	0	0	1
0.72	0.8139522128	-0.7497401308	0	0.596401811	-0.8026860407	0	0.8026860407	0.596401811	0	0	0	1
0.73	0.8411699655	-0.7519513494	0	0.551347888	-0.8342754379	0	0.8342754379	0.551347888	0	0	0	1
0.74	0.8693686635	-0.7550667859	0	0.4993787287	-0.866383798	0	0.866383798	0.4993787287	0	0	0	1
0.75	0.8988260965	-0.7588723386	0	0.440154422	-0.8979220928	0	0.8979220928	0.440154422	0	0	0	1
0.76	0.9296800494	-0.7631622585	0	0.3737817134	-0.927516701	0	0.927516701	0.3737817134	0	0	0	1
0.77	0.9619164634	-0.7677423884	0	0.3009385001	-0.9536435493	0	0.9536435493	0.3009385001	0	0	0	1
0.78	0.9953836927	-0.7723715188	0	0.2230663678	-0.9748032599	0	0.9748032599	0.2230663678	0	0	0	1
0.79	1.029834012	-0.776773702	0	0.1422499799	-0.9898307649	0	0.9898307649	0.1422499799	0	0	0	1
0.8	1.064993207	-0.7807157738	0	0.06076592312	-0.9981520438	0	0.9981520438	0.06076592312	0	0	0	1
0.81	1.100640947	-0.7840638862	0	-0.01944033295	-0.9998110189	0	0.9998110189	-0.01944033295	0	0	0	1
0.82	1.136652863	-0.7867669438	0	-0.09701862021	-0.9952825666	0	0.9952825666	-0.09701862021	0	0	0	1
0.83	1.172988569	-0.7887955203	0	-0.1712038906	-0.9852356205	0	0.9852356205	-0.1712038906	0	0	0	1
0.84	1.209637945	-0.790092786	0	-0.2416536605	-0.9703625654	0	0.9703625654	-0.2416536605	0	0	0	1
0.85	1.246553928	-0.7905617427	0	-0.3082731889	-0.9512978719	0	0.9512978719	-0.3082731889	0	0	0	1
0.86	1.283590719	-0.7900834824	0	-0.3710590493	-0.928609273	0	0.928609273	-0.3710590493	0	0	0	1
0.87	1.320459196	-0.7885546744	0	-0.4299688655	-0.9028437156	0	0.9028437156	-0.4299688655	0	0	0	1
0.88	1.356709206	-0.7859369316	0	-0.4848348167	-0.87460574	0	0.87460574	-0.4848348167	0	0	0	1
0.89	1.391747446	-0.7823073796	0	-0.535338585	-0.844637555	0	0.844637555	-0.535338585	0	0	0	1
0.9	1.424885603	-0.777893843	0	-0.581040116	-0.8138749189	0	0.8138749189	-0.581040116	0	0	0	1
0.91	1.45540819	-0.7730805161	0	-0.6214388085	-0.7834627032	0	0.7834627032	-0.6214388085	0	0	0	1
0.92	1.48263971	-0.7683786729	0	-0.6560376671	-0.7547281493	0	0.7547281493	-0.6560376671	0	0	0	1
0.93	1.506004602	-0.7643657772	0	-0.684401141	-0.7291056702	0	0.7291056702	-0.684401141	0	0	0	1
0.94	1.525069258	-0.7616043456	0	-0.7061931537	-0.7080192297	0	0.7080192297	-0.7061931537	0	0	0	1
0.95	1.53956294	-0.7605578543	0	-0.7211859416	-0.6927415374	0	0.6927415374	-0.7211859416	0	0	0	1
0.96	1.549386667	-0.761520411	0	-0.7292525272	-0.6842446577	0	0.6842446577	-0.7292525272	0	0	0	1
0.97	1.554612166	-0.7645763234	0	-0.7303450088	-0.6830784495	0	0.6830784495	-0.7303450088	0	0	0	1
0.98	1.555479267	-0.7695979792	0	-0.7244777547	-0.6892981815	0	0.6892981815	-0.7244777547	0	0	0	1
0.99	1.552389849	-0.7762829913	0	-0.7117249507	-0.7024582511	0	0.7024582511	-0.7117249507	0	0	0	1
1	1.545896478	-0.7842215478	0	-0.6922346079	-0.7216725349	0	0.7216725349	-0.6922346079	0	0	0	1
1.01	1.536677989	-0.7929779687	0	-0.6662531215	-0.7457256722	0	0.7457256722	-0.6662531215	0	0	0	1
1.02	1.525506176	-0.8021601499	0	-0.6341536937	-0.773207018	0	0.773207018	-0.6341536937	0	0	0	1
1.03	1.513198835	-0.8114668028	0	-0.5964965274	-0.8026156569	0	0.8026156569	-0.5964965274	0	0	0	1
1.04	1.500567123	-0.8207521543	0	-0.554034898	-0.8324934425	0	0.8324934425	-0.554034898	0	0	0	1
1.05	1.48835424	-0.8300219339	0	-0.5075235196	-0.8616379037	0	0.8616379037	-0.5075235196	0	0	0	1
1.06	1.477232259	-0.839386347	0	-0.457757582	-0.8890770473	0	0.8890770473	-0.457757582	0	0	0	1
1.07	1.467844028	-0.8490307097	0	-0.4059250413	-0.9139063742	0	0.9139063742	-0.4059250413	0	0	0	1
1.08	1.460774973	-0.859216378	0	-0.3537907624	-0.9353245942	0	0.9353245942	-0.3537907624	0	0	0	1
1.09	1.45643425	-0.8702524159	0	-0.3033617316	-0.9528754692	0	0.9528754692	-0.3033617316	0	0	0	1
1.1	1.456194122	-0.8823896798	0	-0.2612720147	-0.9652652145	0	0.9652652145	-0.2612720147	0	0	0	1
1.11	1.459877275	-0.8934831929	0	-0.2143253521	-0.976762327	0	0.976762327	-0.2143253521	0	0	0	1
1.12	1.463824728	-0.9037411092	0	-0.163729662	-0.9865052447	0	0.9865052447	-0.163729662	0	0	0	1
1.13	1.465665428	-0.9133071472	0	-0.1399326072	-0.9901610301	0	0.9901610301	-0.1399326072	0	0	0	1
1.14	1.465835615	-0.9213586563	0	-0.1377531795	-0.9904665878	0	0.9904665878	-0.1377531795	0	0	0	1
1.15	1.466437454	-0.926821761	0	-0.1289113023	-0.991656128	0	0.991656128	-0.1289113023	0	0	0	1
1.16	1.467452186	-0.9291852347	0	-0.1138833563	-0.9934941274	0	0.9934941274	-0.1138833563	0	0	0	1
1.17	1.468788126	-0.9286600334	0	-0.09405049485	-0.9955674284	0	0.9955674284	-0.09405049485	0	0	0	1
1.18	1.470360012	-0.9257813494	0	-0.07062490918	-0.9975029435	0	0.9975029435	-0.07062490918	0	0	0	1
1.19	1.472122184	-0.9212224939	0	-0.04439584461	-0.9990140184	0	0.9990140184	-0.04439584461	0	0	0	1
1.2	1.474069104	-0.9156795221	0	-0.01598923912	-0.9998721639	0	0.9998721639	-0.01598923912	0	0	0	1
1.21	1.476276286	-0.9097062103	0	0.01427304187	-0.9998981349	0	0.9998981349	0.01427304187	0	0	0	1
1.22	1.4789068	-0.9034375231	0	0.04716879971	-0.9988869327	0	0.9988869327	0.04716879971	0	0	0	1
1.23	1.482023552	-0.8968892209	0	0.08266293196	-0.9965775633	0	0.9965775633	0.08266293196	0	0	0	1
1.24	1.485625305	-0.8900760424	0	0.120176995	-0.9927524817	0	0.9927524817	0.120176995	0	0	0	1
1.25	1.489695535	-0.883011344	0	0.1591355096	-0.9872567496	0	0.9872567496	0.1591355096	0	0	0	1
1.26	1.494217389	-0.8757142124	0	0.1990786327	-0.9799835192	0	0.9799835192	0.1990786327	0	0	0	1
1.27	1.499174346	-0.8682141436	0	0.2396348284	-0.9708630949	0	0.9708630949	0.2396348284	0	0	0	1
1.28	1.504547222	-0.8605528391	0	0.2804764875	-0.9598608962	0	0.9598608962	0.2804764875	0	0	0	1
1.29	1.510310388	-0.852782484	0	0.3212851584	-0.9469824956	0	0.9469824956	0.3212851584	0	0	0	1
1.3	1.516426978	-0.8449640714	0	0.3617223636	-0.9322858637	0	0.9322858637	0.3617223636	0	0	0	1
1.31	1.522842951	-0.8371688452	0	0.4014045314	-0.9159008692	0	0.9159008692	0.4014045314	0	0	0	1
1.32	1.529480868	-0.8294827486	0	0.43988572	-0.8980537586	0	0.8980537586	0.43988572	0	0	0	1
1.33	1.536236635	-0.8220094092	0	0.4766637231	-0.8790857155	0	0.8790857155	0.4766637231	0	0	0	1
1.34	1.542984616	-0.8148661309	0	0.5112273811	-0.8594454984	0	0.8594454984	0.5112273811	0	0	0	1
1.35	1.549592988	-0.8081724144	0	0.5431385399	-0.8396430947	0	0.8396430947	0.5431385399	0	0	0	1
1.36	1.555945863	-0.8020342221	0	0.5721215098	-0.8201688716	0	0.8201688716	0.5721215098	0	0	0	1
1.37	1.561963581	-0.7965289862	0	0.5981247814	-0.8014029859	0	0.8014029859	0.5981247814	0	0	0	1
1.38	1.567614028	-0.7916947479	0	0.6213335219	-0.7835462045	0	0.7835462045	0.6213335219	0	0	0	1
1.39	1.572911875	-0.7875264002	0	0.6421239321	-0.7666008452	0	0.7666008452	0.6421239321	0	0	0	1
1.4	1.577909134	-0.7839795629	0	0.6609725144	-0.7504101114	0	0.7504101114	0.6609725144	0	0	0	1
1.41	1.582678979	-0.7809804654	0	0.6783506049	-0.7347383594	0	0.7347383594	0.6783506049	0	0	0	1
1.42	1.587295164	-0.7784370108	0	0.6946427049	-0.7193549281	0	0.7193549281	0.6946427049	0	0	0	1
1.43	1.591810103	-0.7762493746	0	0.7100915402	-0.7041093697	0	0.7041093697	0.7100915402	0	0	0	1
1.44	1.596237633	-0.7743199033	0	0.7247707265	-0.6889901262	0	0.6889901262	0.7247707265	0	0	0	1
1.45	1.600545379	-0.7725609796	0	0.7385898573	-0.6741550435	0	0.6741550435	0.7385898573	0	0	0	1
1.46	1.604657172	-0.7709011199	0	0.7513270587	-0.6599300348	0	0.6599300348	0.7513270587	0	0	0	1
1.47	1.608464719	-0.769288713	0	0.7626806432	-0.6467752597	0	0.6467752597	0.7626806432	0	0	0	1
1.48	1.611846368	-0.7676936032	0	0.7723264889	-0.6352257823	0	0.6352257823	0.7723264889	0	0	0	1
1.49	1.614692294	-0.7661069753	0	0.7799674086	-0.6258201352	0	0.6258201352	0.7799674086	0	0	0	1
1.5	1.616949302	-0.7645483456	0	0.7852800725	-0.619140701	0	0.619140701	0.7852800725	0	0	0	1
1.51	1.620312886	-0.7648625691	0	0.7943931728	-0.6074038912	0	0.6074038912	0.7943931728	0	0	0	1
1.52	1.620988249	-0.7647293718	0	0.7957627135	-0.6056085401	0	0.6056085401	0.7957627135	0	0	0	1
1.53	1.620787545	-0.764544195	0	0.7948241905	-0.6068397698	0	0.6068397698	0.7948241905	0	0	0	1
1.54	1.619912575	-0.7642276619	0	0.7921347249	-0.6103462768	0	0.6103462768	0.7921347249	0	0	0	1
1.55	1.618550665	-0.763710067	0	0.7883524119	-0.6152239224	0	0.6152239224	0.7883524119	0	0	0	1
1.56	1.616985492	-0.7629521144	0	0.784742176	-0.6198223271	0	0.6198223271	0.784742176	0	0	0	1
1.57	1.615060105	-0.761598043	0	0.784599881	-0.620002441	0	0.620002441	0.784599881	0	0	0	1
1.58	1.611838552	-0.7589179308	0	0.789749071	-0.6134300325	0	0.6134300325	0.789749071	0	0	0	1
1.59	1.607137995	-0.7547659205	0	0.7975387325	-0.6032677434	0	0.6032677434	0.7975387325	0	0	0	1
1.6	1.601433367	-0.7493493186	0	0.8073225166	-0.5901104593	0	0.5901104593	0.8073225166	0	0	0	1
1.61	1.595381637	-0.7429997698	0	0.818643382	-0.5743021966	0	0.5743021966	0.818643382	0	0	0	1
1.62	1.590140714	-0.7367802168	0	0.8304475994	-0.5570967462	0	0.5570967462	0.8304475994	0	0	0	1
1.63	1.586063727	-0.7311639951	0	0.8383349884	-0.5451554341	0	0.5451554341	0.8383349884	0	0	0	1
1.64	1.583944261	-0.7238276611	0	0.8463701227	-0.5325951702	0	0.5325951702	0.8463701227	0	0	0	1
1.65	1.585310267	-0.7140864161	0	0.8558338226	-0.5172508753	0	0.5172508753	0.8558338226	0	0	0	1
1.66	1.591019839	-0.7038779341	0	0.8628768339	-0.5054142554	0	0.5054142554	0.8628768339	0	0	0	1
1.67	1.600794076	-0.6958713249	0	0.8634924778	-0.5043617162	0	0.5043617162	0.8634924778	0	0	0	1
1.68	1.61425455	-0.6913144135	0	0.8560995086	-0.516811021	0	0.516811021	0.8560995086	0	0	0	1
1.69	1.631119737	-0.6903437768	0	0.8405972412	-0.541660667	0	0.541660667	0.8405972412	0	0	0	1
1.7	1.651009093	-0.692634184	0	0.8174405361	-0.5760129945	0	0.5760129945	0.8174405361	0	0	0	1
1.71	1.673346076	-0.6974792139	0	0.788118264	-0.6155238435	0	0.6155238435	0.788118264	0	0	0	1
1.72	1.697425327	-0.7036307922	0	0.7557847464	-0.654820141	0	0.654820141	0.7557847464	0	0	0	1
1.73	1.722568467	-0.7094878109	0	0.7241113117	-0.6896831217	0	0.6896831217	0.7241113117	0	0	0	1
1.74	1.74826006	-0.7137794149	0	0.6960004755	-0.7180413206	0	0.7180413206	0.6960004755	0	0	0	1
1.75	1.774268552	-0.7162216044	0	0.6722308445	-0.7403416048	0	0.7403416048	0.6722308445	0	0	0	1
1.76	1.800659046	-0.717485631	0	0.6509771943	-0.7590972879	0	0.7590972879	0.6509771943	0	0	0	1
1.77	1.827689038	-0.7186273413	0	0.6289722433	-0.7774277569	0	0.7774277569	0.6289722433	0	0	0	1
1.78	1.855642023	-0.7205132071	0	0.6030841771	-0.797677551	0	0.797677551	0.6030841771	0	0	0	1
1.79	1.884662355	-0.7235381009	0	0.5712751458	-0.8207586173	0	0.8207586173	0.5712751458	0	0	0	1
1.8	1.914644512	-0.7276427298	0	0.5327970429	-0.8462430567	0	0.8462430567	0.5327970429	0	0	0	1
1.81	1.945207249	-0.7324931111	0	0.487959058	-0.8728665177	0	0.8728665177	0.487959058	0	0	0	1
1.82	1.975755871	-0.7376885151	0	0.4377459208	-0.8990987203	0	0.8990987203	0.4377459208	0	0	0	1
1.83	2.005609777	-0.7429212267	0	0.3834008189	-0.9235820549	0	0.9235820549	0.3834008189	0	0	0	1
1.84	2.034153515	-0.7480606001	0	0.3260324148	-0.9453585904	0	0.9453585904	0.3260324148	0	0	0	1
1.85	2.060970667	-0.7531660334	0	0.2663195997	-0.9638847809	0	0.9638847809	0.2663195997	0	0	0	1
1.86	2.085934578	-0.7584468933	0	0.2043958434	-0.978888318	0	0.978888318	0.2043958434	0	0	0	1
1.87	2.109241998	-0.7641885938	0	0.1399610561	-0.9901570091	0	0.9901570091	0.1399610561	0	0	0	1
1.88	2.131392646	-0.7706627729	0	0.07257371087	-0.9973630515	0	0.9973630515	0.07257371087	0	0	0	1
1.89	2.15312938	-0.7780321757	0	0.001994708793	-0.9999980106	0	0.9999980106	0.001994708793	0	0	0	1
1.9	2.175342153	-0.7862452157	0	-0.0715348868	-0.9974380983	0	0.9974380983	-0.0715348868	0	0	0	1
1.91	2.19891404	-0.7949145706	0	-0.1471251924	-0.9891178786	0	0.9891178786	-0.1471251924	0	0	0	1
1.92	2.224453017	-0.8032110499	0	-0.2230813062	-0.9747998414	0	0.9747998414	-0.2230813062	0	0	0	1
1.93	2.251907424	-0.8099510601	0	-0.2967451401	-0.954956712	0	0.954956712	-0.2967451401	0	0	0	1
1.94	2.280338391	-0.8141112722	0	-0.3646831893	-0.9311316617	0	0.9311316617	-0.3646831893	0	0	0	1
1.95	2.308328963	-0.8155369865	0	-0.4240411046	-0.9056429438	0	0.9056429438	-0.4240411046	0	0	0	1
1.96	2.334733317	-0.8149531198	0	-0.4742006686	-0.880416791	0	0.880416791	-0.4742006686	0	0	0	1
1.97	2.358756388	-0.8133143191	0	-0.515883048	-0.8566590225	0	0.8566590225	-0.515883048	0	0	0	1
1.98	2.379643016	-0.8114776631	0	-0.5488449846	-0.835924149	0	0.835924149	-0.5488449846	0	0	0	1
1.99	2.396867589	-0.8101688423	0	-0.5723246298	-0.8200271448	0	0.8200271448	-0.5723246298	0	0	0	1
2	2.410379415	-0.8098539102	0	-0.5865297976	-0.8099276489	0	0.8099276489	-0.5865297976	0	0	0	1
2.01	2.420503735	-0.810695289	0	-0.5923381886	-0.8056894379	0	0.8056894379	-0.5923381886	0	0	0	1
2.02	2.427812721	-0.8126324612	0	-0.5907312672	-0.8068683721	0	0.8068683721	-0.5907312672	0	0	0	1
2.03	2.433064063	-0.8154859338	0	-0.5828594382	-0.8125729969	0	0.8125729969	-0.5828594382	0	0	0	1
2.04	2.437105067	-0.8190620511	0	-0.5700444537	-0.8216138514	0	0.8216138514	-0.5700444537	0	0	0	1
2.05	2.440753386	-0.8232313421	0	-0.5536179446	-0.8327707796	0	0.8327707796	-0.5536179446	0	0	0	1
2.06	2.44469202	-0.8279534718	0	-0.534779586	-0.8449915943	0	0.8449915943	-0.534779586	0	0	0	1
2.07	2.449400484	-0.8332288563	0	-0.5145242272	-0.857475842	0	0.857475842	-0.5145242272	0	0	0	1
2.08	2.45514388	-0.8391036063	0	-0.4938075267	-0.8695712314	0	0.8695712314	-0.4938075267	0	0	0	1
2.09	2.46186702	-0.8456736696	0	-0.4726980214	-0.881224478	0	0.881224478	-0.4726980214	0	0	0	1
2.1	2.469311377	-0.8530202998	0	-0.4504380574	-0.8928076817	0	0.8928076817	-0.4504380574	0	0	0	1
2.11	2.477233933	-0.8612032272	0	-0.4264453902	-0.9045133107	0	0.9045133107	-0.4264453902	0	0	0	1
2.12	2.485486013	-0.8702775801	0	-0.4006424116	-0.9162344995	0	0.9162344995	-0.4006424116	0	0	0	1
2.13	2.493078227	-0.8800898111	0	-0.3692487569	-0.9293305954	0	0.9293305954	-0.3692487569	0	0	0	1
2.14	2.496616688	-0.8892035782	0	-0.3261307648	-0.9453246661	0	0.9453246661	-0.3261307648	0	0	0	1
2.15	2.500041851	-0.897915429	0	-0.2838417331	-0.9588711439	0	0.9588711439	-0.2838417331	0	0	0	1
2.16	2.503302245	-0.9061562734	0	-0.2429620402	-0.9700357968	0	0.9700357968	-0.2429620402	0	0	0	1
2.17	2.506501931	-0.9136020334	0	-0.2022225035	-0.9793396035	0	0.9793396035	-0.2022225035	0	0	0	1
2.18	2.508484762	-0.9197737566	0	-0.176383196	-0.9843215776	0	0.9843215776	-0.176383196	0	0	0	1
2.19	2.509117462	-0.9243872441	0	-0.1672885219	-0.9859079827	0	0.9859079827	-0.1672885219	0	0	0	1
2.2	2.510159328	-0.926977272	0	-0.1521323995	-0.9883601232	0	0.9883601232	-0.1521323995	0	0	0	1
2.21	2.511591261	-0.9273014066	0	-0.1313463523	-0.9913365401	0	0.9913365401	-0.1313463523	0	0	0	1
2.22	2.513269603	-0.9256779719	0	-0.1067883501	-0.9942817751	0	0.9942817751	-0.1067883501	0	0	0	1
2.23	2.515067676	-0.9226056742	0	-0.08030188452	-0.9967705891	0	0.9967705891	-0.08030188452	0	0	0	1
2.24	2.516933076	-0.9185457398	0	-0.05307164312	-0.9985907073	0	0.9985907073	-0.05307164312	0	0	0	1
2.25	2.518860314	-0.9138942211	0	-0.02579149934	-0.999667344	0	0.999667344	-0.02579149934	0	0	0	1
2.26	2.520879639	-0.9089814553	0	0.001124231177	-0.9999993681	0	0.9999993681	0.001124231177	0	0	0	1
2.27	2.523065952	-0.903893263	0	0.02830030295	-0.9995994662	0	0.9995994662	0.02830030295	0	0	0	1
2.28	2.525461526	-0.8986846833	0	0.05602661547	-0.9984292756	0	0.9984292756	0.05602661547	0	0	0	1
2.29	2.52801385	-0.8934704177	0	0.08364944493	-0.9964952435	0	0.9964952435	0.08364944493	0	0	0	1
2.3	2.530660914	-0.8883037577	0	0.1106310637	-0.9938615436	0	0.9938615436	0.1106310637	0	0	0	1
2.31	2.533383368	-0.8831835418	0	0.1369322071	-0.9905804211	0	0.9905804211	0.1369322071	0	0	0	1
2.32	2.536195782	-0.8780997846	0	0.1627924932	-0.9866603287	0	0.9866603287	0.1627924932	0	0	0	1
2.33	2.539122342	-0.8730537337	0	0.188468921	-0.9820791545	0	0.9820791545	0.188468921	0	0	0	1
2.34	2.54218652	-0.8680548296	0	0.2141558602	-0.9767995022	0	0.9767995022	0.2141558602	0	0	0	1
2.35	2.545412781	-0.8631121772	0	0.2400134568	-0.970769561	0	0.970769561	0.2400134568	0	0	0	1
2.36	2.548829377	-0.8582281158	0	0.2661961091	-0.9639188926	0	0.9639188926	0.2661961091	0	0	0	1
2.37	2.552466029	-0.8533958667	0	0.2928381786	-0.9561620162	0	0.9561620162	0.2928381786	0	0	0	1
2.38	2.556346939	-0.8486023458	0	0.3200104978	-0.9474139968	0	0.9474139968	0.3200104978	0	0	0	1
2.39	2.560482718	-0.8438343126	0	0.3476795866	-0.9376134092	0	0.9376134092	0.3476795866	0	0	0	1
2.4	2.564865399	-0.8390841851	0	0.3756972488	-0.9267424547	0	0.9267424547	0.3756972488	0	0	0	1
2.41	2.569468811	-0.8343526071	0	0.403826942	-0.9148353955	0	0.9148353955	0.403826942	0	0	0	1
2.42	2.574253439	-0.8296483641	0	0.4317911561	-0.9019736124	0	0.9019736124	0.4317911561	0	0	0	1
2.43	2.579172255	-0.8249877845	0	0.4593133452	-0.8882743106	0	0.8882743106	0.4593133452	0	0	0	1
2.44	2.584174808	-0.8203950102	0	0.4861407274	-0.8738805371	0	0.8738805371	0.4861407274	0	0	0	1
2.45	2.589209264	-0.8159026073	0	0.5120516646	-0.8589546512	0	0.8589546512	0.5120516646	0	0	0	1
2.46	2.594225074	-0.8115505929	0	0.5368640177	-0.8436687896	0	0.8436687896	0.5368640177	0	0	0	1
2.47	2.599177999	-0.8073828125	0	0.5604518868	-0.8281869852	0	0.8281869852	0.5604518868	0	0	0	1
2.48	2.604037217	-0.8034412452	0	0.5827671655	-0.8126391763	0	0.8126391763	0.5827671655	0	0	0	1
2.49	2.608792682	-0.7997592713	0	0.6038565355	-0.7970930213	0	0.7970930213	0.6038565355	0	0	0	1
2.5	2.613459936	-0.7963556259	0	0.6238640858	-0.7815328544	0	0.7815328544	0.6238640858	0	0	0	1
2.51	2.618080064	-0.7932297158	0	0.6430146958	-0.7658538379	0	0.7658538379	0.6430146958	0	0	0	1
2.52	2.622712138	-0.7903612883	0	0.6615711847	-0.7498823692	0	0.7498823692	0.6615711847	0	0	0	1
2.53	2.627419924	-0.7877112226	0	0.6797787632	-0.7334172299	0	0.7334172299	0.6797787632	0	0	0	1
2.54	2.632256741	-0.7852240014	0	0.6978119714	-0.7162809872	0	0.7162809872	0.6978119714	0	0	0	1
2.55	2.637252173	-0.7828314767	0	0.7157376623	-0.6983692424	0	0.6983692424	0.7157376623	0	0	0	1
2.56	2.642402408	-0.7804586676	0	0.7334978944	-0.6796917234	0	0.6796917234	0.7334978944	0	0	0	1
2.57	2.64766494	-0.7780317638	0	0.7509125789	-0.6604016194	0	0.6604016194	0.7509125789	0	0	0	1
2.58	2.652958292	-0.7754876781	0	0.767699642	-0.6408098467	0	0.6408098467	0.767699642	0	0	0	1
2.59	2.658166853	-0.7727839313	0	0.7835070262	-0.6213829253	0	0.6213829253	0.7835070262	0	0	0	1
2.6	2.663152622	-0.7699084266	0	0.7979514715	-0.6027217013	0	0.6027217013	0.7979514715	0	0	0	1
2.61	2.667778193	-0.7668882331	0	0.8106508377	-0.5855298621	0	0.5855298621	0.8106508377	0	0	0	1
2.62	2.671966539	-0.7638104267	0	0.8211063796	-0.5707751864	0	0.5707751864	0.8211063796	0	0	0	1
2.63	2.676224507	-0.7611144831	0	0.8270786313	-0.5620862369	0	0.5620862369	0.8270786313	0	0	0	1
2.64	2.681176181	-0.7591579569	0	0.8289527634	-0.5593186177	0	0.5593186177	0.8289527634	0	0	0	1
2.65	2.686639705	-0.7577295472	0	0.8287743605	-0.5595829335	0	0.5595829335	0.8287743605	0	0	0	1
2.66	2.692339737	-0.7566410089	0	0.8273976731	-0.5616164977	0	0.5616164977	0.8273976731	0	0	0	1
2.67	2.698051583	-0.7557600707	0	0.8253171788	-0.5646694204	0	0.5646694204	0.8253171788	0	0	0	1
2.68	2.703638751	-0.7549743873	0	0.8231039602	-0.5678907207	0	0.5678907207	0.8231039602	0	0	0	1
2.69	2.709070158	-0.7542075996	0	0.8213436183	-0.5704337478	0	0.5704337478	0.8213436183	0	0	0	1
2.7	2.714385429	-0.7534260831	0	0.8205081191	-0.5716348717	0	0.5716348717	0.8205081191	0	0	0	1
2.71	2.719737864	-0.7526464287	0	0.8212946241	-0.5705042861	0	0.5705042861	0.8212946241	0	0	0	1
2.72	2.725394726	-0.7519626109	0	0.8227611874	-0.568387217	0	0.568387217	0.8227611874	0	0	0	1
2.73	2.731791644	-0.7510565345	0	0.8220132566	-0.5694683538	0	0.5694683538	0.8220132566	0	0	0	1
2.74	2.739624159	-0.7492477106	0	0.82201973	-0.5694590095	0	0.5694590095	0.82201973	0	0	0	1
2.75	2.749252303	-0.7465472937	0	0.8227437407	-0.568412471	0	0.568412471	0.8227437407	0	0	0	1
2.76	2.761068894	-0.7433996152	0	0.8224962407	-0.568770546	0	0.568770546	0.8224962407	0	0	0	1
2.77	2.775388878	-0.7405104846	0	0.8191128882	-0.5736323529	0	0.5736323529	0.8191128882	0	0	0	1
2.78	2.791818935	-0.7387122164	0	0.8110051687	-0.585038987	0	0.585038987	0.8110051687	0	0	0	1
2.79	2.809803023	-0.737788331	0	0.7984784296	-0.6020234193	0	0.6020234193	0.7984784296	0	0	0	1
2.8	2.828804611	-0.7368405828	0	0.7834717894	-0.6214273532	0	0.6214273532	0.7834717894	0	0	0	1
2.81	2.848299619	-0.735152189	0	0.7680552656	-0.640383564	0	0.640383564	0.7680552656	0	0	0	1
2.82	2.867821655	-0.7326342488	0	0.7533445329	-0.6576260448	0	0.6576260448	0.7533445329	0	0	0	1
2.83	2.887057752	-0.7297291754	0	0.7393691148	-0.6733003134	0	0.6733003134	0.7393691148	0	0	0	1
2.84	2.905896561	-0.7270803589	0	0.725479268	-0.6882440204	0	0.6882440204	0.725479268	0	0	0	1
2.85	2.924407463	-0.7251653352	0	0.7106106884	-0.7035854244	0	0.7035854244	0.7106106884	0	0	0	1
2.86	2.942779286	-0.7240457249	0	0.6940248294	-0.7199510651	0	0.7199510651	0.6940248294	0	0	0	1
2.87	2.961256121	-0.7236019524	0	0.6753974335	-0.7374539354	0	0.7374539354	0.6753974335	0	0	0	1
2.88	2.98002675	-0.7238314537	0	0.6542720911	-0.7562592352	0	0.7562592352	0.6542720911	0	0	0	1
2.89	2.999169833	-0.7248425876	0	0.6300028381	-0.7765928302	0	0.7765928302	0.6300028381	0	0	0	1
2.9	3.018661759	-0.7266871639	0	0.6021152532	-0.798409182	0	0.798409182	0.6021152532	0	0	0	1
2.91	3.038400048	-0.7292615987	0	0.5706080119	-0.8212225623	0	0.8212225623	0.5706080119	0	0	0	1
2.92	3.058226881	-0.732342291	0	0.5359368818	-0.8442580522	0	0.8442580522	0.5359368818	0	0	0	1
2.93	3.077964041	-0.7356978211	0	0.4987214399	-0.8667623235	0	0.8667623235	0.4987214399	0	0	0	1
2.94	3.097460686	-0.7391880808	0	0.4594023322	-0.8882282911	0	0.8882282911	0.4594023322	0	0	0	1
2.95	3.11664276	-0.7428022508	0	0.4180417643	-0.9084278085	0	0.9084278085	0.4180417643	0	0	0	1
2.96	3.135537522	-0.7466266612	0	0.3743654717	-0.9272812376	0	0.9272812376	0.3743654717	0	0	0	1
2.97	3.15426631	-0.7507806015	0	0.3279614788	-0.9446910968	0	0.9446910968	0.3279614788	0	0	0	1
2.98	3.173016611	-0.7553629868	0	0.2784916128	-0.960438661	0	0.960438661	0.2784916128	0	0	0	1
2.99	3.192013396	-0.7604311595	0	0.2258171323	-0.9741697094	0	0.9741697094	0.2258171323	0	0	0	1
3	3.211500001	-0.7660005889	0	0.1700404448	-0.9854370843	0	0.9854370843	0.1700404448	0	0	0	1
3.01	3.231728522	-0.7720451703	0	0.1115059675	-0.9937637643	0	0.9937637643	0.1115059675	0	0	0	1
3.02	3.252951796	-0.7784866993	0	0.05078487328	-0.9987096158	0	0.9987096158	0.05078487328	0	0	0	1
3.03	3.27541058	-0.7851792851	0	-0.01136383135	-0.9999354296	0	0.9999354296	-0.01136383135	0	0	0	1
3.04	3.299311422	-0.7918992346	0	-0.07406616698	-0.9972533294	0	0.9972533294	-0.07406616698	0	0	0	1
3.05	3.324792006	-0.7983475178	0	-0.136426888	-0.9906501422	0	0.9906501422	-0.136426888	0	0	0	1
3.06	3.351876736	-0.8041713781	0	-0.1976013011	-0.9802824725	0	0.9802824725	-0.1976013011	0	0	0	1
3.07	3.380434135	-0.8090115548	0	-0.2568302608	-0.9664565263	0	0.9664565263	-0.2568302608	0	0	0	1
3.08	3.410158145	-0.8125735328	0	-0.3134610743	-0.9496010504	0	0.9496010504	-0.3134610743	0	0	0	1
3.09	3.440591253	-0.8146981679	0	-0.366972766	-0.9302316857	0	0.9302316857	-0.366972766	0	0	0	1
3.1	3.471167677	-0.8153933435	0	-0.416949161	-0.9089298087	0	0.9089298087	-0.416949161	0	0	0	1
3.11	3.501256337	-0.8148249042	0	-0.4629856085	-0.8863657971	0	0.8863657971	-0.4629856085	0	0	0	1
3.12	3.530197954	-0.8132921631	0	-0.5045848118	-0.8633621301	0	0.8633621301	-0.5045848118	0	0	0	1
3.13	3.557358416	-0.8111960322	0	-0.5411847685	-0.8409037081	0	0.8409037081	-0.5411847685	0	0	0	1
3.14	3.582184142	-0.8089905887	0	-0.5722523231	-0.8200776053	0	0.8200776053	-0.5722523231	0	0	0	1
3.15	3.604236717	-0.8071249823	0	-0.5973308271	-0.8019949395	0	0.8019949395	-0.5973308271	0	0	0	1
3.16	3.623215362	-0.8059895198	0	-0.6160672158	-0.7876935861	0	0.7876935861	-0.6160672158	0	0	0	1
3.17	3.638983746	-0.8058684274	0	-0.6282768214	-0.7779898687	0	0.7779898687	-0.6282768214	0	0	0	1
3.18	3.651561788	-0.8069203775	0	-0.6339382273	-0.7733836848	0	0.7733836848	-0.6339382273	0	0	0	1
3.19	3.661129069	-0.8091771746	0	-0.6332196818	-0.7739721148	0	0.7739721148	-0.6332196818	0	0	0	1
3.2	3.668002654	-0.8125713413	0	-0.6264636557	-0.7794506322	0	0.7794506322	-0.6264636557	0	0	0	1
3.21	3.672601038	-0.8169774377	0	-0.6141609925	-0.7891807621	0	0.7891807621	-0.6141609925	0	0	0	1
3.22	3.675394317	-0.82222777	0	-0.5968871989	-0.8023251659	0	0.8023251659	-0.5968871989	0	0	0	1
3.23	3.676890313	-0.8281332827	0	-0.575518466	-0.817788784	0	0.817788784	-0.575518466	0	0	0	1
3.24	3.677519375	-0.8346008387	0	-0.5508578359	-0.8345990922	0	0.8345990922	-0.5508578359	0	0	0	1
3.25	3.677548108	-0.8416111777	0	-0.5229025735	-0.8523924558	0	0.8523924558	-0.5229025735	0	0	0	1
3.26	3.677228454	-0.8491669406	0	-0.4915421138	-0.8708538054	0	0.8708538054	-0.4915421138	0	0	0	1
3.27	3.676888248	-0.8572978979	0	-0.4571464352	-0.8893914418	0	0.8893914418	-0.4571464352	0	0	0	1
3.28	3.676893805	-0.8660727736	0	-0.4204883218	-0.9072979507	0	0.9072979507	-0.4204883218	0	0	0	1
3.29	3.677581698	-0.8755923058	0	-0.3824828838	-0.923962577	0	0.923962577	-0.3824828838	0	0	0	1
3.3	3.680210285	-0.8854377528	0	-0.3474061129	-0.9377147715	0	0.9377147715	-0.3474061129	0	0	0	1
3.31	3.683537309	-0.8942714767	0	-0.3063726689	-0.9519116491	0	0.9519116491	-0.3063726689	0	0	0	1
3.32	3.68698074	-0.9025103216	0	-0.263498534	-0.9646597963	0	0.9646597963	-0.263498534	0	0	0	1
3.33	3.690268205	-0.9102323177	0	-0.22199022	-0.9750488922	0	0.9750488922	-0.22199022	0	0	0	1
3.34	3.693300106	-0.9171545278	0	-0.1831331409	-0.9830881205	0	0.9830881205	-0.1831331409	0	0	0	1
3.35	3.693979838	-0.9225919116	0	-0.1737765943	-0.9847851011	0	0.9847851011	-0.1737765943	0	0	0	1
3.36	3.694769681	-0.926255957	0	-0.1623262789	-0.9867371378	0	0.9867371378	-0.1623262789	0	0	0	1
3.37	3.695990588	-0.9276119791	0	-0.1446466844	-0.9894833686	0	0.9894833686	-0.1446466844	0	0	0	1
3.38	3.697537933	-0.9267977407	0	-0.1222069077	-0.9925046457	0	0.9925046457	-0.1222069077	0	0	0	1
3.39	3.699244855	-0.9243092406	0	-0.09717894202	-0.9952669256	0	0.9952669256	-0.09717894202	0	0	0	1
3.4	3.701016033	-0.9206632916	0	-0.07111640844	-0.9974680228	0	0.9974680228	-0.07111640844	0	0	0	1
3.41	3.702825102	-0.9162928962	0	-0.04483659709	-0.9989943341	0	0.9989943341	-0.04483659709	0	0	0	1
3.42	3.704685107	-0.9115646044	0	-0.01879179014	-0.9998234187	0	0.9998234187	-0.01879179014	0	0	0	1
3.43	3.706643561	-0.9067295974	0	0.006940946447	-0.9999759113	0	0.9999759113	0.006940946447	0	0	0	1
3.44	3.708776989	-0.9018069344	0	0.03308899163	-0.9994524094	0	0.9994524094	0.03308899163	0	0	0	1
3.45	3.711083187	-0.8968819749	0	0.05945502325	-0.9982309854	0	0.9982309854	0.05945502325	0	0	0	1
3.46	3.71349686	-0.8920401685	0	0.0853586174	-0.996350293	0	0.996350293	0.0853586174	0	0	0	1
3.47	3.715969306	-0.8873018447	0	0.1104539641	-0.9938812413	0	0.9938812413	0.1104539641	0	0	0	1
3.48	3.718492858	-0.8826515719	0	0.1348224561	-0.9908697721	0	0.9908697721	0.1348224561	0	0	0	1
3.49	3.721083048	-0.8780741029	0	0.1587116101	-0.9873249844	0	0.9873249844	0.1587116101	0	0	0	1
3.5	3.723760683	-0.8735636689	0	0.1823567562	-0.983232431	0	0.983232431	0.1823567562	0	0	0	1
3.51	3.726548024	-0.8691187627	0	0.2059571142	-0.9785610186	0	0.9785610186	0.2059571142	0	0	0	1
3.52	3.729471489	-0.864735358	0	0.2297054131	-0.9732602032	0	0.9732602032	0.2297054131	0	0	0	1
3.53	3.73256217	-0.8604025848	0	0.2537942655	-0.9672582234	0	0.9672582234	0.2537942655	0	0	0	1
3.54	3.735851672	-0.8561020986	0	0.2783868464	-0.9604690332	0	0.9604690332	0.2783868464	0	0	0	1
3.55	3.739365191	-0.8518115574	0	0.3035737016	-0.9528079595	0	0.9528079595	0.3035737016	0	0	0	1
3.56	3.743115396	-0.8475099987	0	0.3293438667	-0.9442100494	0	0.9442100494	0.3293438667	0	0	0	1
3.57	3.74709985	-0.8431823129	0	0.3555868834	-0.9346432305	0	0.9346432305	0.3555868834	0	0	0	1
3.58	3.751302669	-0.8388208669	0	0.3821218447	-0.9241119498	0	0.9241119498	0.3821218447	0	0	0	1
3.59	3.755698823	-0.834425622	0	0.4087372606	-0.9126520979	0	0.9126520979	0.4087372606	0	0	0	1
3.6	3.76025788	-0.8300042672	0	0.4352191006	-0.9003245718	0	0.9003245718	0.4352191006	0	0	0	1
3.61	3.764945774	-0.8255732068	0	0.4613621553	-0.8872119035	0	0.8872119035	0.4613621553	0	0	0	1
3.62	3.769724778	-0.8211584493	0	0.4869696242	-0.8734189058	0	0.8734189058	0.4869696242	0	0	0	1
3.63	3.77455307	-0.8167959423	0	0.511851615	-0.8590738759	0	0.8590738759	0.511851615	0	0	0	1
3.64	3.779387147	-0.8125294391	0	0.5358370615	-0.8443214101	0	0.8443214101	0.5358370615	0	0	0	1
3.65	3.784186389	-0.8084067647	0	0.5587926669	-0.829307395	0	0.829307395	0.5587926669	0	0	0	1
3.66	3.788919816	-0.8044744023	0	0.5806468024	-0.8141555692	0	0.8141555692	0.5806468024	0	0	0	1
3.67	3.793573821	-0.800770895	0	0.6014116029	-0.7989393493	0	0.7989393493	0.6014116029	0	0	0	1
3.68	3.798158285	-0.7973207487	0	0.6211934664	-0.7836572448	0	0.7836572448	0.6211934664	0	0	0	1
3.69	3.802707701	-0.7941306566	0	0.6401814296	-0.7682237546	0	0.7682237546	0.6401814296	0	0	0	1
3.7	3.807274603	-0.7911886305	0	0.6586082248	-0.7524860173	0	0.7524860173	0.6586082248	0	0	0	1
3.71	3.811917368	-0.7884647569	0	0.6766973979	-0.7362612523	0	0.7362612523	0.6766973979	0	0	0	1
3.72	3.816685969	-0.785913046	0	0.6946123517	-0.7193842373	0	0.7193842373	0.6946123517	0	0	0	1
3.73	3.821609953	-0.7834742701	0	0.7124221164	-0.7017511867	0	0.7017511867	0.7124221164	0	0	0	1
3.74	3.82668902	-0.7810810826	0	0.730082582	-0.6833589272	0	0.6833589272	0.730082582	0	0	0	1
3.75	3.83188748	-0.7786650045	0	0.7474359271	-0.6643339032	0	0.6643339032	0.7474359271	0	0	0	1
3.76	3.837133199	-0.7761647598	0	0.7642266954	-0.6449477173	0	0.6449477173	0.7642266954	0	0	0	1
3.77	3.842321135	-0.7735352501	0	0.7801300431	-0.6256173877	0	0.6256173877	0.7801300431	0	0	0	1
3.78	3.847323185	-0.7707564682	0	0.7947888851	-0.6068860091	0	0.6068860091	0.7947888851	0	0	0	1
3.79	3.85200573	-0.7678413497	0	0.8078492491	-0.5893891674	0	0.5893891674	0.8078492491	0	0	0	1
3.8	3.856262501	-0.7648448873	0	0.818958731	-0.5738524174	0	0.5738524174	0.818958731	0	0	0	1
3.81	3.860228563	-0.7619784881	0	0.8269215095	-0.5623173633	0	0.5623173633	0.8269215095	0	0	0	1
3.82	3.864676217	-0.7597679331	0	0.8302763568	-0.5573519278	0	0.5573519278	0.8302763568	0	0	0	1
3.83	3.869688659	-0.758162028	0	0.8309974481	-0.5562762275	0	0.5562762275	0.8309974481	0	0	0	1
3.84	3.87501829	-0.7569475927	0	0.8303199091	-0.5572870432	0	0.5572870432	0.8303199091	0	0	0	1
3.85	3.880440422	-0.7559843994	0	0.8287613034	-0.5596022713	0	0.5596022713	0.8287613034	0	0	0	1
3.86	3.885796604	-0.7551589019	0	0.8268137709	-0.5624757668	0	0.5624757668	0.8268137709	0	0	0	1
3.87	3.891024182	-0.7543833724	0	0.8250357167	-0.5650805838	0	0.5650805838	0.8250357167	0	0	0	1
3.88	3.89614083	-0.7536096241	0	0.8239297062	-0.5666920145	0	0.5666920145	0.8239297062	0	0	0	1
3.89	3.901220722	-0.7528232918	0	0.8239310808	-0.5666900159	0	0.5666900159	0.8239310808	0	0	0	1
3.9	3.906588797	-0.7521440678	0	0.8258121654	-0.5639452699	0	0.5639452699	0.8258121654	0	0	0	1
3.91	3.912390634	-0.751419757	0	0.8253980866	-0.564551148	0	0.564551148	0.8253980866	0	0	0	1
3.92	3.919458488	-0.7501107916	0	0.824651734	-0.5656408026	0	0.5656408026	0.824651734	0	0	0	1
3.93	3.928201654	-0.7478522725	0	0.8249693415	-0.5651774815	0	0.5651774815	0.8249693415	0	0	0	1
3.94	3.938898081	-0.7449821126	0	0.825123373	-0.5649525815	0	0.5649525815	0.825123373	0	0	0	1
3.95	3.951981556	-0.7418997142	0	0.823291291	-0.5676191067	0	0.5676191067	0.823291291	0	0	0	1
3.96	3.967356423	-0.7394860843	0	0.8176296612	-0.5757445068	0	0.5757445068	0.8176296612	0	0	0	1
3.97	3.984494661	-0.738071904	0	0.8074436544	-0.5899446965	0	0.5899446965	0.8074436544	0	0	0	1
3.98	4.002852114	-0.7370215034	0	0.7939978431	-0.6079205747	0	0.6079205747	0.7939978431	0	0	0	1
3.99	4.021913708	-0.7354854504	0	0.7794102483	-0.6265138984	0	0.6265138984	0.7794102483	0	0	0	1
4	4.041196369	-0.7330883605	0	0.7652493438	-0.6437339837	0	0.6437339837	0.7652493438	0	0	0	1
4.01	4.060325152	-0.7300635283	0	0.7519680324	-0.6591995739	0	0.6591995739	0.7519680324	0	0	0	1
4.02	4.079104867	-0.7270010811	0	0.739148681	-0.6735422981	0	0.6735422981	0.739148681	0	0	0	1
4.03	4.097528753	-0.7245172357	0	0.7258790855	-0.6878223268	0	0.6878223268	0.7258790855	0	0	0	1
4.04	4.115723372	-0.7229051753	0	0.7111377466	-0.7030527046	0	0.7030527046	0.7111377466	0	0	0	1
4.05	4.133901262	-0.7220918991	0	0.6944706301	-0.7195210518	0	0.7195210518	0.6944706301	0	0	0	1
4.06	4.152270779	-0.7219733476	0	0.67560122	-0.7372672457	0	0.7372672457	0.67560122	0	0	0	1
4.07	4.170948643	-0.7225871779	0	0.6540401033	-0.7564598755	0	0.7564598755	0.6540401033	0	0	0	1
4.08	4.189945448	-0.7240104297	0	0.6292491261	-0.7772036653	0	0.7772036653	0.6292491261	0	0	0	1
4.09	4.209190029	-0.7262129602	0	0.600995936	-0.7992520785	0	0.7992520785	0.600995936	0	0	0	1
4.1	4.228554647	-0.7290249429	0	0.5695014828	-0.8219903047	0	0.8219903047	0.5695014828	0	0	0	1
4.11	4.247881282	-0.7322146966	0	0.5352808506	-0.8446741449	0	0.8446741449	0.5352808506	0	0	0	1
4.12	4.267018628	-0.7355955086	0	0.498825831	-0.8667022501	0	0.8667022501	0.498825831	0	0	0	1
4.13	4.285867396	-0.739093704	0	0.4603367729	-0.8877443638	0	0.8877443638	0.4603367729	0	0	0	1
4.14	4.304414248	-0.7427497613	0	0.4196511719	-0.9076854598	0	0.9076854598	0.4196511719	0	0	0	1
