0	0	0.329443	0	1	0	0	0	1	0	0	0	1
0.01	0.01856833494	0.3288212287	0	0.9999999999	1.040239129e-005	0	-1.040239129e-005	0.9999999999	0	0	0	1
0.02	0.03691134221	0.3272006293	0	0.9999903909	-0.004383850486	0	0.004383850486	0.9999903909	0	0	0	1
0.03	0.05527169648	0.3245586119	0	0.999887305	-0.0150125688	0	0.0150125688	0.999887305	0	0	0	1
0.04	0.07362465791	0.3208254029	0	0.9995555164	-0.02981223998	0	0.02981223998	0.9995555164	0	0	0	1
0.05	0.09193666095	0.3159390909	0	0.9989510851	-0.04579006041	0	0.04579006041	0.9989510851	0	0	0	1
0.06	0.1102149538	0.3098986848	0	0.998179028	-0.0603210408	0	0.0603210408	0.998179028	0	0	0	1
0.07	0.128476737	0.3027570246	0	0.9974338881	-0.07159356713	0	0.07159356713	0.9974338881	0	0	0	1
0.08	0.146735639	0.2945841621	0	0.996888772	-0.07882116644	0	0.07882116644	0.996888772	0	0	0	1
0.09	0.1650029904	0.2854390911	0	0.9966157009	-0.08220185323	0	0.08220185323	0.9966157009	0	0	0	1
0.1	0.1832891878	0.2753619514	0	0.9965815203	-0.08261521259	0	0.08261521259	0.9965815203	0	0	0	1
0.11	0.2016030627	0.2643808628	0	0.9966980423	-0.08119736733	0	0.08119736733	0.9966980423	0	0	0	1
0.12	0.2199511032	0.2525219173	0	0.9968781079	-0.07895592444	0	0.07895592444	0.9968781079	0	0	0	1
0.13	0.238337267	0.2398141893	0	0.9970675752	-0.0765261422	0	0.0765261422	0.9970675752	0	0	0	1
0.14	0.2567632059	0.2262876891	0	0.9972503032	-0.0741069008	0	0.0741069008	0.9972503032	0	0	0	1
0.15	0.2752285504	0.2119663964	0	0.997436619	-0.07155550991	0	0.07155550991	0.997436619	0	0	0	1
0.16	0.2936789955	0.1970445589	0	0.9976561072	-0.06842727349	0	0.06842727349	0.9976561072	0	0	0	1
0.17	0.311867106	0.1832692933	0	0.9979079069	-0.06465144523	0	0.06465144523	0.9979079069	0	0	0	1
0.18	0.3298444181	0.1714287343	0	0.998129738	-0.06113122014	0	0.06113122014	0.998129738	0	0	0	1
0.19	0.3472859414	0.1633055946	0	0.9984161955	-0.05625922698	0	0.05625922698	0.9984161955	0	0	0	1
0.2	0.3640827596	0.1595300278	0	0.9987779955	-0.04942181421	0	0.04942181421	0.9987779955	0	0	0	1
0.21	0.380334984	0.1597736217	0	0.999147089	-0.04129279005	0	0.04129279005	0.999147089	0	0	0	1
0.22	0.3960875083	0.1631861919	0	0.9994735743	-0.03244340063	0	0.03244340063	0.9994735743	0	0	0	1
0.23	0.411373063	0.1686511358	0	0.9997188995	-0.02370911071	0	0.02370911071	0.9997188995	0	0	0	1
0.24	0.4262397519	0.1752479548	0	0.9998661526	-0.01636083482	0	0.01636083482	0.9998661526	0	0	0	1
0.25	0.440755676	0.1824412939	0	0.9999326055	-0.01160967197	0	0.01160967197	0.9999326055	0	0	0	1
0.26	0.4549669662	0.1902621342	0	0.9999513618	-0.009862763546	0	0.009862763546	0.9999513618	0	0	0	1
0.27	0.4689169518	0.1988151644	0	0.999943164	-0.01066156023	0	0.01066156023	0.999943164	0	0	0	1
0.28	0.4826480184	0.2080582608	0	0.9999164189	-0.01292885063	0	0.01292885063	0.9999164189	0	0	0	1
0.29	0.4962084471	0.2178588863	0	0.9998805343	-0.01545694583	0	0.01545694583	0.9998805343	0	0	0	1
0.3	0.5096556702	0.2280451771	0	0.9998509695	-0.01726379869	0	0.01726379869	0.9998509695	0	0	0	1
0.31	0.5230488225	0.2384105226	0	0.999843141	-0.01771139153	0	0.01771139153	0.999843141	0	0	0	1
0.32	0.5364388713	0.2487060237	0	0.9998639965	-0.01649207394	0	0.01649207394	0.9998639965	0	0	0	1
0.33	0.5498635615	0.2586557366	0	0.9999075821	-0.01359511867	0	0.01359511867	0.9999075821	0	0	0	1
0.34	0.5633464978	0.2679907331	0	0.9999571538	-0.009256924154	0	0.009256924154	0.9999571538	0	0	0	1
0.35	0.5768969577	0.2764805537	0	0.9999924966	-0.003873859151	0	0.003873859151	0.9999924966	0	0	0	1
0.36	0.5905063946	0.2839524124	0	0.9999977634	0.002114993875	0	-0.002114993875	0.9999977634	0	0	0	1
0.37	0.6041513666	0.2903512383	0	0.9999658634	0.0082626885	0	-0.0082626885	0.9999658634	0	0	0	1
0.38	0.6178159686	0.2956759962	0	0.9999012792	0.01405104136	0	-0.01405104136	0.9999012792	0	0	0	1
0.39	0.6314919872	0.2999315351	0	0.9998191567	0.01901719969	0	-0.01901719969	0.9998191567	0	0	0	1
0.4	0.6451720677	0.3031375272	0	0.9997380551	0.02288714027	0	-0.02288714027	0.9997380551	0	0	0	1
0.41	0.6588534559	0.3053654977	0	0.9996723203	0.02559789262	0	-0.02559789262	0.9996723203	0	0	0	1
0.42	0.6725183454	0.3067093054	0	0.9996263458	0.02733438836	0	-0.02733438836	0.9996263458	0	0	0	1
0.43	0.6861531794	0.3072733959	0	0.9996008509	0.0282513503	0	-0.0282513503	0.9996008509	0	0	0	1
0.44	0.6997560081	0.3071601592	0	0.9995970752	0.02838463204	0	-0.02838463204	0.9995970752	0	0	0	1
0.45	0.7133309537	0.3064556496	0	0.9996160417	0.02770864634	0	-0.02770864634	0.9996160417	0	0	0	1
0.46	0.7268842782	0.3052191266	0	0.9996566372	0.0262032013	0	-0.0262032013	0.9996566372	0	0	0	1
0.47	0.7404231184	0.3034763399	0	0.9997144349	0.02389662523	0	-0.02389662523	0.9997144349	0	0	0	1
0.48	0.7539552496	0.3012160831	0	0.999781859	0.02088622363	0	-0.02088622363	0.999781859	0	0	0	1
0.49	0.7674884213	0.298390259	0	0.9998496003	0.01734291609	0	-0.01734291609	0.9998496003	0	0	0	1
0.5	0.7810288597	0.29491798	0	0.9999088012	0.01350515993	0	-0.01350515993	0.9999088012	0	0	0	1
0.51	0.794579225	0.2906939917	0	0.999953325	0.009661663143	0	-0.009661663143	0.999953325	0	0	0	1
0.52	0.8081367784	0.2856007744	0	0.9999812538	0.006123079799	0	-0.006123079799	0.9999812538	0	0	0	1
0.53	0.821691993	0.2795258557	0	0.9999949157	0.003188810816	0	-0.003188810816	0.9999949157	0	0	0	1
0.54	0.8352215092	0.2723943725	0	0.999999364	0.001127846296	0	-0.001127846296	0.999999364	0	0	0	1
0.55	0.8487053056	0.2641737782	0	0.9999999997	-2.375587077e-005	0	2.375587077e-005	0.9999999997	0	0	0	1
0.56	0.8621518737	0.254851587	0	0.9999998771	-0.0004957433512	0	0.0004957433512	0.9999998771	0	0	0	1
0.57	0.8755776367	0.2444290016	0	0.9999998983	-0.0004509239181	0	0.0004509239181	0.9999998983	0	0	0	1
0.58	0.888995716	0.2329182377	0	0.9999999843	0.0001769713548	0	-0.0001769713548	0.9999999843	0	0	0	1
0.59	0.9024170378	0.2203433286	0	0.9999986292	0.001655773439	0	-0.001655773439	0.9999986292	0	0	0	1
0.6	0.9158465573	0.2067656067	0	0.9999904137	0.00437864045	0	-0.00437864045	0.9999904137	0	0	0	1
0.61	0.9291123695	0.1933056459	0	0.999958439	0.009117027567	0	-0.009117027567	0.999958439	0	0	0	1
0.62	0.9423281794	0.1809417074	0	0.9998958456	0.01443252766	0	-0.01443252766	0.9998958456	0	0	0	1
0.63	0.9555924909	0.1699451324	0	0.9998002337	0.01998731528	0	-0.01998731528	0.9998002337	0	0	0	1
0.64	0.9687923078	0.1613855821	0	0.9996312248	0.0271553739	0	-0.0271553739	0.9996312248	0	0	0	1
0.65	0.981704806	0.1563715922	0	0.9992839775	0.0378355954	0	-0.0378355954	0.9992839775	0	0	0	1
0.66	0.9942831704	0.154821433	0	0.9986584149	0.05178195052	0	-0.05178195052	0.9986584149	0	0	0	1
0.67	1.006573468	0.1563277725	0	0.9977349873	0.0672673402	0	-0.0672673402	0.9977349873	0	0	0	1
0.68	1.018617442	0.1602168769	0	0.9966107812	0.08226147803	0	-0.08226147803	0.9966107812	0	0	0	1
0.69	1.030423621	0.1656843634	0	0.9954705803	0.09507009966	0	-0.09507009966	0.9954705803	0	0	0	1
0.7	1.041983348	0.1719676279	0	0.9945183907	0.1045618026	0	-0.1045618026	0.9945183907	0	0	0	1
0.71	1.053286511	0.1784799586	0	0.9938979314	0.1103036808	0	-0.1103036808	0.9938979314	0	0	0	1
0.72	1.06433108	0.1850585723	0	0.9936372184	0.1126280526	0	-0.1126280526	0.9936372184	0	0	0	1
0.73	1.075139664	0.191774133	0	0.9936788117	0.1122604974	0	-0.1122604974	0.9936788117	0	0	0	1
0.74	1.085735518	0.1986595582	0	0.9939196678	0.1101076469	0	-0.1101076469	0.9939196678	0	0	0	1
0.75	1.096137162	0.2057115142	0	0.9942566399	0.1070221189	0	-0.1070221189	0.9942566399	0	0	0	1
0.76	1.106368015	0.2129096793	0	0.9946233842	0.1035583098	0	-0.1035583098	0.9946233842	0	0	0	1
0.77	1.116458626	0.2202216978	0	0.9949957173	0.09991757883	0	-0.09991757883	0.9949957173	0	0	0	1
0.78	1.126442316	0.227599764	0	0.995376973	0.09604520572	0	-0.09604520572	0.995376973	0	0	0	1
0.79	1.136351562	0.2349803052	0	0.9957796879	0.09177588515	0	-0.09177588515	0.9957796879	0	0	0	1
0.8	1.146217396	0.2422876442	0	0.9962116766	0.08696145957	0	-0.08696145957	0.9962116766	0	0	0	1
0.81	1.156069275	0.249438293	0	0.9966680761	0.08156436793	0	-0.08156436793	0.9966680761	0	0	0	1
0.82	1.165934785	0.2563414236	0	0.9971303437	0.07570388168	0	-0.07570388168	0.9971303437	0	0	0	1
0.83	1.17583874	0.2628999712	0	0.9975716425	0.06964781447	0	-0.06964781447	0.9975716425	0	0	0	1
0.84	1.185802856	0.269013709	0	0.9979653736	0.06375823883	0	-0.06375823883	0.9979653736	0	0	0	1
0.85	1.195845387	0.2745870499	0	0.9982927577	0.05840864628	0	-0.05840864628	0.9982927577	0	0	0	1
0.86	1.205980698	0.2795381795	0	0.9985462045	0.05390248199	0	-0.05390248199	0.9985462045	0	0	0	1
0.87	1.216218751	0.2838073293	0	0.9987284067	0.05041398311	0	-0.05041398311	0.9987284067	0	0	0	1
0.88	1.226564809	0.2873631323	0	0.9988493206	0.04795867644	0	-0.04795867644	0.9988493206	0	0	0	1
0.89	1.237019593	0.2902057997	0	0.9989230394	0.04639785953	0	-0.04639785953	0.9989230394	0	0	0	1
0.9	1.247579899	0.2923659506	0	0.9989655107	0.045474261	0	-0.045474261	0.9989655107	0	0	0	1
0.91	1.258239599	0.2938989407	0	0.9989929065	0.04486839413	0	-0.04486839413	0.9989929065	0	0	0	1
0.92	1.268990941	0.2948755593	0	0.9990200693	0.04425947492	0	-0.04425947492	0.9990200693	0	0	0	1
0.93	1.279826106	0.2953697478	0	0.9990586025	0.04338097298	0	-0.04338097298	0.9990586025	0	0	0	1
0.94	1.290738648	0.2954450735	0	0.9991150547	0.04206075953	0	-0.04206075953	0.9991150547	0	0	0	1
0.95	1.301724464	0.2951424343	0	0.9991900202	0.04024057196	0	-0.04024057196	0.9991900202	0	0	0	1
0.96	1.312782045	0.2944704551	0	0.9992786351	0.03797643362	0	-0.03797643362	0.9992786351	0	0	0	1
0.97	1.323911747	0.2934006944	0	0.9993724376	0.03542218206	0	-0.03542218206	0.9993724376	0	0	0	1
0.98	1.335114155	0.2918678904	0	0.9994618489	0.03280263098	0	-0.03280263098	0.9994618489	0	0	0	1
0.99	1.346387765	0.2897756851	0	0.9995384543	0.03037891426	0	-0.03037891426	0.9995384543	0	0	0	1
1	1.357726528	0.2870062524	0	0.9995962962	0.02841204969	0	-0.02841204969	0.9995962962	0	0	0	1
1.01	1.369117935	0.2834330409	0	0.9996319977	0.02712690797	0	-0.02712690797	0.9996319977	0	0	0	1
1.02	1.38054088	0.2789397927	0	0.9996437518	0.02669025014	0	-0.02669025014	0.9996437518	0	0	0	1
1.03	1.391959376	0.2734425942	0	0.9996303612	0.02718714546	0	-0.02718714546	0.9996303612	0	0	0	1
1.04	1.403339409	0.266876215	0	0.9995947456	0.02846655147	0	-0.02846655147	0.9995947456	0	0	0	1
1.05	1.414669144	0.2591976056	0	0.9995456592	0.03014092211	0	-0.03014092211	0.9995456592	0	0	0	1
1.06	1.42596008	0.2503845706	0	0.9994931963	0.03183316656	0	-0.03183316656	0.9994931963	0	0	0	1
1.07	1.437226863	0.2404306641	0	0.9994391642	0.03348667106	0	-0.03348667106	0.9994391642	0	0	0	1
1.08	1.448480381	0.2293448425	0	0.9993726473	0.03541626616	0	-0.03541626616	0.9993726473	0	0	0	1
1.09	1.459730918	0.2171528483	0	0.9992713568	0.03816746625	0	-0.03816746625	0.9992713568	0	0	0	1
1.1	1.470962257	0.2040291933	0	0.9990976911	0.04247120852	0	-0.04247120852	0.9990976911	0	0	0	1
1.11	1.482010642	0.1913096424	0	0.9987971006	0.0490341912	0	-0.0490341912	0.9987971006	0	0	0	1
1.12	1.493124535	0.1795308128	0	0.9984492397	0.05566970133	0	-0.05566970133	0.9984492397	0	0	0	1
1.13	1.504388172	0.169135025	0	0.9980538571	0.06235782481	0	-0.06235782481	0.9980538571	0	0	0	1
1.14	1.515636344	0.1616008493	0	0.9974442147	0.07144955295	0	-0.07144955295	0.9974442147	0	0	0	1
1.15	1.526705955	0.1573533759	0	0.996431174	0.08440921449	0	-0.08440921449	0.996431174	0	0	0	1
1.16	1.537594786	0.1562520647	0	0.9949538929	0.1003331998	0	-0.1003331998	0.9949538929	0	0	0	1
1.17	1.548333774	0.1578659348	0	0.993098715	0.117281466	0	-0.117281466	0.993098715	0	0	0	1
1.18	1.558914455	0.1615325377	0	0.9910794005	0.1332727351	0	-0.1332727351	0.9910794005	0	0	0	1
1.19	1.569296314	0.1665081456	0	0.9891857043	0.1466684778	0	-0.1466684778	0.9891857043	0	0	0	1
1.2	1.579437365	0.1721257305	0	0.9877029576	0.1563421492	0	-0.1563421492	0.9877029576	0	0	0	1
1.21	1.589308682	0.1779274372	0	0.9868123577	0.1618683745	0	-0.1618683745	0.9868123577	0	0	0	1
1.22	1.598909424	0.1838646958	0	0.9865317643	0.1635697956	0	-0.1635697956	0.9865317643	0	0	0	1
1.23	1.608261151	0.1900053792	0	0.9867658007	0.1621519491	0	-0.1621519491	0.9867658007	0	0	0	1
1.24	1.617380708	0.1963790406	0	0.9873573224	0.1585103083	0	-0.1585103083	0.9873573224	0	0	0	1
1.25	1.626283491	0.2029869622	0	0.9881553384	0.1534569232	0	-0.1534569232	0.9881553384	0	0	0	1
1.26	1.634992897	0.2098155005	0	0.9890604846	0.1475105348	0	-0.1475105348	0.9890604846	0	0	0	1
1.27	1.64354059	0.2168379841	0	0.9900277233	0.1408726625	0	-0.1408726625	0.9900277233	0	0	0	1
1.28	1.651962037	0.2240123058	0	0.9910447405	0.1335302303	0	-0.1335302303	0.9910447405	0	0	0	1
1.29	1.66029348	0.2312816743	0	0.9921073303	0.1253915677	0	-0.1253915677	0.9921073303	0	0	0	1
1.3	1.668571358	0.2385769757	0	0.9932019389	0.1164040742	0	-0.1164040742	0.9932019389	0	0	0	1
1.31	1.67683166	0.2458176963	0	0.9942978372	0.1066386933	0	-0.1066386933	0.9942978372	0	0	0	1
1.32	1.6851087	0.25291083	0	0.995349799	0.09632641168	0	-0.09632641168	0.995349799	0	0	0	1
1.33	1.693434067	0.2597506822	0	0.9963088444	0.08584105438	0	-0.08584105438	0.9963088444	0	0	0	1
1.34	1.701835939	0.2662233138	0	0.9971353976	0.07563728475	0	-0.07563728475	0.9971353976	0	0	0	1
1.35	1.710338572	0.2722153761	0	0.9978085531	0.06616714692	0	-0.06616714692	0.9978085531	0	0	0	1
1.36	1.71896153	0.2776252051	0	0.9983282276	0.05779922098	0	-0.05779922098	0.9983282276	0	0	0	1
1.37	1.727718896	0.2823732955	0	0.9987109293	0.05075903597	0	-0.05075903597	0.9987109293	0	0	0	1
1.38	1.736618793	0.286410706	0	0.9989825407	0.04509859619	0	-0.04509859619	0.9989825407	0	0	0	1
1.39	1.745663515	0.2897233077	0	0.9991713836	0.04070068959	0	-0.04070068959	0.9991713836	0	0	0	1
1.4	1.754850169	0.2923310244	0	0.9993035395	0.03731535912	0	-0.03731535912	0.9993035395	0	0	0	1
1.41	1.7641717	0.2942814474	0	0.9994005073	0.03462117961	0	-0.03462117961	0.9994005073	0	0	0	1
1.42	1.773618233	0.2956395424	0	0.9994785208	0.03229065588	0	-0.03229065588	0.9994785208	0	0	0	1
1.43	1.783178876	0.2964746942	0	0.9995484425	0.03004847848	0	-0.03004847848	0.9995484425	0	0	0	1
1.44	1.79284365	0.2968464925	0	0.9996158885	0.02771417423	0	-0.02771417423	0.9996158885	0	0	0	1
1.45	1.802604954	0.2967923003	0	0.9996818783	0.02522185761	0	-0.02522185761	0.9996818783	0	0	0	1
1.46	1.812458228	0.2963182259	0	0.9997441482	0.02261941813	0	-0.02261941813	0.9997441482	0	0	0	1
1.47	1.822401444	0.2953951647	0	0.9997989741	0.0200502222	0	-0.0200502222	0.9997989741	0	0	0	1
1.48	1.832433481	0.293960113	0	0.9998429306	0.01772326692	0	-0.01772326692	0.9998429306	0	0	0	1
1.49	1.842551621	0.2919225193	0	0.9998739707	0.01587585508	0	-0.01587585508	0.9998739707	0	0	0	1
1.5	1.852748806	0.2891747571	0	0.9998914516	0.01473380417	0	-0.01473380417	0.9998914516	0	0	0	1
1.51	1.863430344	0.2858935483	0	0.9998978846	0.01429057013	0	-0.01429057013	0.9998978846	0	0	0	1
1.52	1.874272981	0.2819466966	0	0.9998259731	0.01865538825	0	-0.01865538825	0.9998259731	0	0	0	1
1.53	1.885121973	0.2772914766	0	0.9996232255	0.02744825967	0	-0.02744825967	0.9996232255	0	0	0	1
1.54	1.896021663	0.2718741929	0	0.9992710542	0.03817538773	0	-0.03817538773	0.9992710542	0	0	0	1
1.55	1.906960185	0.2656282773	0	0.9988127525	0.04871432488	0	-0.04871432488	0.9988127525	0	0	0	1
1.56	1.917900892	0.2584848986	0	0.9983341427	0.05769696242	0	-0.05769696242	0.9983341427	0	0	0	1
1.57	1.928809071	0.2503583506	0	0.9979146409	0.06454742049	0	-0.06454742049	0.9979146409	0	0	0	1
1.58	1.939670653	0.2411115441	0	0.9975909235	0.06937109908	0	-0.06937109908	0.9975909235	0	0	0	1
1.59	1.950489832	0.2306849573	0	0.9973356012	0.07294997262	0	-0.07294997262	0.9973356012	0	0	0	1
1.6	1.961267679	0.2190825484	0	0.9970676346	0.07652536846	0	-0.07652536846	0.9970676346	0	0	0	1
1.61	1.972001198	0.2063842902	0	0.996682368	0.08138954007	0	-0.08138954007	0.996682368	0	0	0	1
1.62	1.982593799	0.1937736633	0	0.9960401382	0.08890468519	0	-0.08890468519	0.9960401382	0	0	0	1
1.63	1.993151354	0.1819936728	0	0.995218279	0.09767587829	0	-0.09767587829	0.995218279	0	0	0	1
1.64	2.003769596	0.1711194313	0	0.9942983769	0.1066336611	0	-0.1066336611	0.9942983769	0	0	0	1
1.65	2.01444413	0.1622133971	0	0.9931822541	0.1165719097	0	-0.1165719097	0.9931822541	0	0	0	1
1.66	2.025088353	0.1564434632	0	0.9916108934	0.1292587952	0	-0.1292587952	0.9916108934	0	0	0	1
1.67	2.035694186	0.1539386003	0	0.9894555238	0.1448370337	0	-0.1448370337	0.9894555238	0	0	0	1
1.68	2.046273444	0.1544565109	0	0.9867214412	0.162421666	0	-0.162421666	0.9867214412	0	0	0	1
1.69	2.056803035	0.1574313828	0	0.98356367	0.1805616432	0	-0.1805616432	0.98356367	0	0	0	1
1.7	2.067213196	0.1620772319	0	0.9803205973	0.1974120726	0	-0.1974120726	0.9803205973	0	0	0	1
1.71	2.077405393	0.1675626227	0	0.9775124126	0.2108778868	0	-0.2108778868	0.9775124126	0	0	0	1
1.72	2.087292686	0.1732385082	0	0.9757251533	0.2189986875	0	-0.2189986875	0.9757251533	0	0	0	1
1.73	2.096853544	0.1789094137	0	0.9753730353	0.2205616513	0	-0.2205616513	0.9753730353	0	0	0	1
1.74	2.106118846	0.1845289113	0	0.9765248707	0.2154046816	0	-0.2154046816	0.9765248707	0	0	0	1
1.75	2.115131903	0.1900761638	0	0.9788466869	0.2045951211	0	-0.2045951211	0.9788466869	0	0	0	1
1.76	2.123944214	0.1955562668	0	0.9817693216	0.1900762984	0	-0.1900762984	0.9817693216	0	0	0	1
1.77	2.132616322	0.2009845926	0	0.9847272544	0.1741040909	0	-0.1741040909	0.9847272544	0	0	0	1
1.78	2.141211012	0.2063632358	0	0.9873173642	0.158759007	0	-0.158759007	0.9873173642	0	0	0	1
1.79	2.149785678	0.2116667058	0	0.9893459373	0.1455837089	0	-0.1455837089	0.9893459373	0	0	0	1
1.8	2.15838926	0.216844382	0	0.9907908031	0.1354015675	0	-0.1354015675	0.9907908031	0	0	0	1
1.81	2.167062349	0.2218357668	0	0.9917304922	0.1283379554	0	-0.1283379554	0.9917304922	0	0	0	1
1.82	2.175837995	0.2265898698	0	0.9922818092	0.1240032707	0	-0.1240032707	0.9922818092	0	0	0	1
1.83	2.184742663	0.231080477	0	0.9925602561	0.1217544169	0	-0.1217544169	0.9925602561	0	0	0	1
1.84	2.193797733	0.2353122327	0	0.99265933	0.1209440143	0	-0.1209440143	0.99265933	0	0	0	1
1.85	2.203021371	0.2393171687	0	0.9926408975	0.1210952044	0	-0.1210952044	0.9926408975	0	0	0	1
1.86	2.21243015	0.2431443025	0	0.9925324213	0.1219811161	0	-0.1219811161	0.9925324213	0	0	0	1
1.87	2.222039988	0.2468457861	0	0.9923305115	0.1236129277	0	-0.1236129277	0.9923305115	0	0	0	1
1.88	2.231866357	0.2504628551	0	0.9920096248	0.1261622146	0	-0.1261622146	0.9920096248	0	0	0	1
1.89	2.241923683	0.254013483	0	0.9915325972	0.1298580329	0	-0.1298580329	0.9915325972	0	0	0	1
1.9	2.252223377	0.2574819663	0	0.9908597261	0.1348962681	0	-0.1348962681	0.9908597261	0	0	0	1
1.91	2.262769147	0.2608104196	0	0.9899547519	0.141384544	0	-0.141384544	0.9899547519	0	0	0	1
1.92	2.273546702	0.263895238	0	0.9887896542	0.1493151695	0	-0.1493151695	0.9887896542	0	0	0	1
1.93	2.284509787	0.26660153	0	0.9873530383	0.1585369919	0	-0.1585369919	0.9873530383	0	0	0	1
1.94	2.295575871	0.2688133322	0	0.9856771167	0.1686434751	0	-0.1686434751	0.9856771167	0	0	0	1
1.95	2.306658316	0.2704971903	0	0.9838903196	0.1787731497	0	-0.1787731497	0.9838903196	0	0	0	1
1.96	2.317710994	0.2717071461	0	0.9822458679	0.1875981212	0	-0.1875981212	0.9822458679	0	0	0	1
1.97	2.328718678	0.2725313249	0	0.9810435688	0.193787296	0	-0.193787296	0.9810435688	0	0	0	1
1.98	2.339663652	0.2730569096	0	0.9805080524	0.1964789025	0	-0.1964789025	0.9805080524	0	0	0	1
1.99	2.350536676	0.2733504757	0	0.9807409155	0.195313227	0	-0.195313227	0.9807409155	0	0	0	1
2	2.361348853	0.2734292635	0	0.9817142924	0.1903603111	0	-0.1903603111	0.9817142924	0	0	0	1
2.01	2.37211612	0.2732468109	0	0.983272857	0.1821386526	0	-0.1821386526	0.983272857	0	0	0	1
2.02	2.382850843	0.2726980605	0	0.9851816314	0.1715142944	0	-0.1715142944	0.9851816314	0	0	0	1
2.03	2.393563785	0.271633159	0	0.9871966346	0.1595080078	0	-0.1595080078	0.9871966346	0	0	0	1
2.04	2.404263104	0.2698788564	0	0.9891165594	0.1471340613	0	-0.1471340613	0.9891165594	0	0	0	1
2.05	2.414952147	0.2672641939	0	0.9908068754	0.1352839078	0	-0.1352839078	0.9908068754	0	0	0	1
2.06	2.425629332	0.2636494208	0	0.9922019238	0.1246408536	0	-0.1246408536	0.9922019238	0	0	0	1
2.07	2.436285741	0.2589775892	0	0.993290314	0.1156475342	0	-0.1156475342	0.993290314	0	0	0	1
2.08	2.446912675	0.2532536127	0	0.9941138038	0.1083408747	0	-0.1083408747	0.9941138038	0	0	0	1
2.09	2.457516216	0.2464879486	0	0.9947530583	0.1023051955	0	-0.1023051955	0.9947530583	0	0	0	1
2.1	2.468104712	0.2386863166	0	0.9952859174	0.09698423943	0	-0.09698423943	0.9952859174	0	0	0	1
2.11	2.478683441	0.2298520801	0	0.9957660784	0.09192343065	0	-0.09192343065	0.9957660784	0	0	0	1
2.12	2.489255082	0.2199889798	0	0.9962168376	0.0869023154	0	-0.0869023154	0.9962168376	0	0	0	1
2.13	2.499815869	0.2091603792	0	0.9966329462	0.08199250249	0	-0.08199250249	0.9966329462	0	0	0	1
2.14	2.510378228	0.1982919271	0	0.9969941564	0.0774767845	0	-0.0774767845	0.9969941564	0	0	0	1
2.15	2.520967724	0.1880283053	0	0.9972741382	0.07378545435	0	-0.07378545435	0.9972741382	0	0	0	1
2.16	2.531567142	0.1785246872	0	0.9974395444	0.07151472132	0	-0.07151472132	0.9974395444	0	0	0	1
2.17	2.542182228	0.1699989556	0	0.997484624	0.07088317724	0	-0.07088317724	0.997484624	0	0	0	1
2.18	2.552832867	0.1627780364	0	0.9974193969	0.07179517213	0	-0.07179517213	0.9974193969	0	0	0	1
2.19	2.563473437	0.1578878708	0	0.997196144	0.07483214862	0	-0.07483214862	0.997196144	0	0	0	1
2.2	2.574031761	0.155623051	0	0.9967721781	0.08028215857	0	-0.08028215857	0.9967721781	0	0	0	1
2.21	2.584497449	0.1557487927	0	0.9961769953	0.08735784992	0	-0.08735784992	0.9961769953	0	0	0	1
2.22	2.594874445	0.1578292473	0	0.9954868873	0.094899195	0	-0.094899195	0.9954868873	0	0	0	1
2.23	2.605162686	0.1613341388	0	0.9947971661	0.1018754057	0	-0.1018754057	0.9947971661	0	0	0	1
2.24	2.615357988	0.1657323727	0	0.9941907325	0.1076326502	0	-0.1076326502	0.9941907325	0	0	0	1
2.25	2.625454118	0.1705530547	0	0.9937106389	0.1119784185	0	-0.1119784185	0.9937106389	0	0	0	1
2.26	2.635440815	0.1754260917	0	0.993348501	0.1151466696	0	-0.1151466696	0.993348501	0	0	0	1
2.27	2.645310002	0.1802219469	0	0.9930570453	0.1176337738	0	-0.1176337738	0.9930570453	0	0	0	1
2.28	2.655079323	0.1849643089	0	0.9927891969	0.11987331	0	-0.11987331	0.9927891969	0	0	0	1
2.29	2.664768405	0.1896578084	0	0.9924944924	0.1222893398	0	-0.1222893398	0.9924944924	0	0	0	1
2.3	2.674385882	0.1942899408	0	0.9921259274	0.1252443377	0	-0.1252443377	0.9921259274	0	0	0	1
2.31	2.68393803	0.1988465059	0	0.9916619286	0.1288666729	0	-0.1288666729	0.9916619286	0	0	0	1
2.32	2.693433775	0.2033157128	0	0.9911131071	0.1330218364	0	-0.1330218364	0.9911131071	0	0	0	1
2.33	2.702882248	0.2076856437	0	0.9905136387	0.1374144519	0	-0.1374144519	0.9905136387	0	0	0	1
2.34	2.712290452	0.2119447813	0	0.989908486	0.1417081131	0	-0.1417081131	0.989908486	0	0	0	1
2.35	2.721664735	0.2160873344	0	0.9893419017	0.1456111315	0	-0.1456111315	0.9893419017	0	0	0	1
2.36	2.731013653	0.2201186954	0	0.9888475975	0.1489309538	0	-0.1489309538	0.9888475975	0	0	0	1
2.37	2.740349009	0.224056507	0	0.9884403009	0.1516105918	0	-0.1516105918	0.9884403009	0	0	0	1
2.38	2.749684701	0.2279259584	0	0.9881126729	0.1537314073	0	-0.1537314073	0.9881126729	0	0	0	1
2.39	2.759035035	0.2317521945	0	0.9878396984	0.1554758186	0	-0.1554758186	0.9878396984	0	0	0	1
2.4	2.76841374	0.2355534699	0	0.9875887891	0.157061719	0	-0.157061719	0.9875887891	0	0	0	1
2.41	2.777833873	0.2393374761	0	0.9873305275	0.1586771235	0	-0.1586771235	0.9873305275	0	0	0	1
2.42	2.787307788	0.2431002309	0	0.98704592	0.1604379999	0	-0.1604379999	0.98704592	0	0	0	1
2.43	2.79684666	0.2468258496	0	0.98672842	0.1623792634	0	-0.1623792634	0.98672842	0	0	0	1
2.44	2.806459499	0.2504860694	0	0.9863818698	0.164471295	0	-0.164471295	0.9863818698	0	0	0	1
2.45	2.816152109	0.2540398706	0	0.9860166534	0.16664681	0	-0.16664681	0.9860166534	0	0	0	1
2.46	2.82592633	0.2574348618	0	0.9856461226	0.168824527	0	-0.168824527	0.9856461226	0	0	0	1
2.47	2.835779836	0.2606114729	0	0.985284738	0.1709209909	0	-0.1709209909	0.985284738	0	0	0	1
2.48	2.845706433	0.263509706	0	0.9849485811	0.172847599	0	-0.172847599	0.9849485811	0	0	0	1
2.49	2.855697034	0.2660778816	0	0.9846579672	0.1744955234	0	-0.1744955234	0.9846579672	0	0	0	1
2.5	2.865741679	0.2682813768	0	0.9844410428	0.1757152049	0	-0.1757152049	0.9844410428	0	0	0	1
2.51	2.875832196	0.2701094594	0	0.9843355307	0.1763053118	0	-0.1763053118	0.9843355307	0	0	0	1
2.52	2.885964207	0.271575019	0	0.9843860552	0.176022994	0	-0.176022994	0.9843860552	0	0	0	1
2.53	2.896137016	0.2727101138	0	0.9846358649	0.1746201982	0	-0.1746201982	0.9846358649	0	0	0	1
2.54	2.906352743	0.2735570384	0	0.9851169971	0.171885142	0	-0.171885142	0.9851169971	0	0	0	1
2.55	2.916615811	0.2741566385	0	0.985842056	0.1676765952	0	-0.1676765952	0.985842056	0	0	0	1
2.56	2.926932102	0.2745349166	0	0.9867989749	0.1619499402	0	-0.1619499402	0.9867989749	0	0	0	1
2.57	2.937307452	0.2746902729	0	0.9879497398	0.1547750358	0	-0.1547750358	0.9879497398	0	0	0	1
2.58	2.947746419	0.2745839504	0	0.9892344168	0.1463395662	0	-0.1463395662	0.9892344168	0	0	0	1
2.59	2.958251469	0.2741358362	0	0.9905793016	0.1369403057	0	-0.1369403057	0.9905793016	0	0	0	1
2.6	2.968822191	0.2732269444	0	0.9919068415	0.1269677822	0	-0.1269677822	0.9919068415	0	0	0	1
2.61	2.979454677	0.2717097821	0	0.9931458859	0.116881347	0	-0.116881347	0.9931458859	0	0	0	1
2.62	2.990141256	0.2694273976	0	0.9942403432	0.1071734106	0	-0.1071734106	0.9942403432	0	0	0	1
2.63	3.00087034	0.2662532804	0	0.9951526979	0.0983417907	0	-0.0983417907	0.9951526979	0	0	0	1
2.64	3.011620228	0.2621468343	0	0.9958674546	0.09081857148	0	-0.09081857148	0.9958674546	0	0	0	1
2.65	3.02238212	0.257094387	0	0.9964102818	0.08465548047	0	-0.08465548047	0.9964102818	0	0	0	1
2.66	3.03315878	0.2510816173	0	0.9968272959	0.07959486306	0	-0.07959486306	0.9968272959	0	0	0	1
2.67	3.043951935	0.2440911608	0	0.9971601634	0.07531008284	0	-0.07531008284	0.9971601634	0	0	0	1
2.68	3.054759481	0.2361030447	0	0.9974364977	0.07155720182	0	-0.07155720182	0.9974364977	0	0	0	1
2.69	3.065576629	0.2270993381	0	0.9976684807	0.0682466311	0	-0.0682466311	0.9976684807	0	0	0	1
2.7	3.076398864	0.2170692881	0	0.9978568121	0.06543533128	0	-0.06543533128	0.9978568121	0	0	0	1
2.71	3.087202285	0.2061661337	0	0.9979879769	0.06340345373	0	-0.06340345373	0.9979879769	0	0	0	1
2.72	3.097941859	0.1955360751	0	0.9980556048	0.06232984637	0	-0.06232984637	0.9980556048	0	0	0	1
2.73	3.108697739	0.1855420462	0	0.9981007984	0.06160191729	0	-0.06160191729	0.9981007984	0	0	0	1
2.74	3.119454353	0.1763051138	0	0.9981082033	0.06148182276	0	-0.06148182276	0.9981082033	0	0	0	1
2.75	3.130214737	0.1680589888	0	0.9980639284	0.06219642193	0	-0.06219642193	0.9980639284	0	0	0	1
2.76	3.140986849	0.1614139993	0	0.9979438426	0.06409436012	0	-0.06409436012	0.9979438426	0	0	0	1
2.77	3.151691185	0.1573842674	0	0.9976647507	0.0683011359	0	-0.0683011359	0.9976647507	0	0	0	1
2.78	3.162285001	0.1559875859	0	0.9971879906	0.07494071869	0	-0.07494071869	0.9971879906	0	0	0	1
2.79	3.172768591	0.1569016617	0	0.9965352863	0.08317104738	0	-0.08317104738	0.9965352863	0	0	0	1
2.8	3.18314663	0.1596261681	0	0.9957764702	0.09181079113	0	-0.09181079113	0.9957764702	0	0	0	1
2.81	3.193417875	0.1635951895	0	0.9950097867	0.0997773745	0	-0.0997773745	0.9950097867	0	0	0	1
2.82	3.203577589	0.1682684808	0	0.9943311169	0.1063279359	0	-0.1063279359	0.9943311169	0	0	0	1
2.83	3.213618813	0.1731876205	0	0.9938007506	0.1111758434	0	-0.1111758434	0.9938007506	0	0	0	1
2.84	3.223530635	0.1780328698	0	0.9934242868	0.1144909882	0	-0.1144909882	0.9934242868	0	0	0	1
2.85	3.233312331	0.1827537423	0	0.9931658052	0.1167119677	0	-0.1167119677	0.9931658052	0	0	0	1
2.86	3.242985598	0.1873748842	0	0.9929769048	0.118308354	0	-0.118308354	0.9929769048	0	0	0	1
2.87	3.252567504	0.1919004464	0	0.9927937478	0.1198356139	0	-0.1198356139	0.9927937478	0	0	0	1
2.88	3.262067637	0.1963252221	0	0.9925582846	0.121770488	0	-0.121770488	0.9925582846	0	0	0	1
2.89	3.271496611	0.2006448431	0	0.9922403256	0.1243347747	0	-0.1243347747	0.9922403256	0	0	0	1
2.9	3.280867271	0.2048548862	0	0.9918400406	0.127488564	0	-0.127488564	0.9918400406	0	0	0	1
2.91	3.290190963	0.208947813	0	0.9913792384	0.1310236834	0	-0.1310236834	0.9913792384	0	0	0	1
2.92	3.29947621	0.2129154135	0	0.9908915505	0.1346623005	0	-0.1346623005	0.9908915505	0	0	0	1
2.93	3.308730995	0.2167556706	0	0.9904133072	0.1381357335	0	-0.1381357335	0.9904133072	0	0	0	1
2.94	3.317965381	0.2204785042	0	0.9899742284	0.1412481048	0	-0.1412481048	0.9899742284	0	0	0	1
2.95	3.327191959	0.2241063849	0	0.9895884893	0.143925751	0	-0.143925751	0.9895884893	0	0	0	1
2.96	3.336424588	0.2276693861	0	0.9892509366	0.1462278512	0	-0.1462278512	0.9892509366	0	0	0	1
2.97	3.345677042	0.2311979086	0	0.9889405626	0.1483123854	0	-0.1483123854	0.9889405626	0	0	0	1
2.98	3.354962381	0.2347163115	0	0.9886294084	0.1503725137	0	-0.1503725137	0.9886294084	0	0	0	1
2.99	3.364292976	0.238239385	0	0.9882921229	0.1525735227	0	-0.1525735227	0.9882921229	0	0	0	1
3	3.373680409	0.2417707428	0	0.987912686	0.1550113702	0	-0.1550113702	0.987912686	0	0	0	1
3.01	3.38313495	0.2453018602	0	0.987486797	0.1577016989	0	-0.1577016989	0.987486797	0	0	0	1
3.02	3.392664675	0.248811119	0	0.9870205591	0.1605939474	0	-0.1605939474	0.9870205591	0	0	0	1
3.03	3.402274644	0.2522633362	0	0.9865271607	0.1635975588	0	-0.1635975588	0.9865271607	0	0	0	1
3.04	3.411966307	0.255610521	0	0.9860233343	0.1666072752	0	-0.1666072752	0.9860233343	0	0	0	1
3.05	3.421737089	0.2587949276	0	0.9855267445	0.1695200164	0	-0.1695200164	0.9855267445	0	0	0	1
3.06	3.43158032	0.2617547283	0	0.9850554559	0.1722374779	0	-0.1722374779	0.9850554559	0	0	0	1
3.07	3.441485851	0.2644320355	0	0.9846300251	0.1746531237	0	-0.1746531237	0.9846300251	0	0	0	1
3.08	3.451441981	0.2667823006	0	0.984277488	0.1766290651	0	-0.1766290651	0.984277488	0	0	0	1
3.09	3.461438573	0.2687822343	0	0.984034377	0.1779784958	0	-0.1779784958	0.984034377	0	0	0	1
3.1	3.471469478	0.2704322134	0	0.9839455495	0.1784689209	0	-0.1784689209	0.9839455495	0	0	0	1
3.11	3.481532871	0.2717537624	0	0.9840564383	0.1778564767	0	-0.1778564767	0.9840564383	0	0	0	1
3.12	3.491630329	0.2727816005	0	0.984403466	0.1759255984	0	-0.1759255984	0.984403466	0	0	0	1
3.13	3.501766399	0.2735546658	0	0.9850055235	0.1725228063	0	-0.1725228063	0.9850055235	0	0	0	1
3.14	3.511947946	0.2741040657	0	0.9858582798	0.1675811806	0	-0.1675811806	0.9858582798	0	0	0	1
3.15	3.522182447	0.2744408759	0	0.9869317439	0.1611388619	0	-0.1611388619	0.9869317439	0	0	0	1
3.16	3.532476535	0.2745456421	0	0.9881731134	0.1533424209	0	-0.1533424209	0.9881731134	0	0	0	1
3.17	3.542835007	0.2743624123	0	0.9895132802	0.14444192	0	-0.14444192	0.9895132802	0	0	0	1
3.18	3.553260139	0.2737965225	0	0.9908766307	0.1347720398	0	-0.1347720398	0.9908766307	0	0	0	1
3.19	3.563750938	0.2727207634	0	0.9921898333	0.1247370623	0	-0.1247370623	0.9921898333	0	0	0	1
3.2	3.574302696	0.2709873742	0	0.9933902368	0.1147860507	0	-0.1147860507	0.9933902368	0	0	0	1
3.21	3.58490716	0.2684472193	0	0.994432234	0.105378043	0	-0.105378043	0.994432234	0	0	0	1
3.22	3.595551348	0.2649965415	0	0.9952877331	0.0969656036	0	-0.0969656036	0.9952877331	0	0	0	1
3.23	3.606214897	0.2606087098	0	0.9959524694	0.08988147053	0	-0.08988147053	0.9959524694	0	0	0	1
3.24	3.616892851	0.2552723663	0	0.9964592736	0.08407684658	0	-0.08407684658	0.9964592736	0	0	0	1
3.25	3.627588174	0.2489744416	0	0.9968534882	0.07926615338	0	-0.07926615338	0.9968534882	0	0	0	1
3.26	3.638301877	0.2416986075	0	0.9971727377	0.07514340389	0	-0.07514340389	0.9971727377	0	0	0	1
3.27	3.649031414	0.2334267031	0	0.9974398581	0.07151034573	0	-0.07151034573	0.9974398581	0	0	0	1
3.28	3.659772267	0.2241435207	0	0.9976631867	0.06832397715	0	-0.06832397715	0.9976631867	0	0	0	1
3.29	3.670520861	0.2138415087	0	0.9978410695	0.06567495683	0	-0.06567495683	0.9978410695	0	0	0	1
3.3	3.681227458	0.2029426735	0	0.9979506491	0.0639882958	0	-0.0639882958	0.9979506491	0	0	0	1
3.31	3.691899853	0.1925598545	0	0.9980110894	0.06303860223	0	-0.06303860223	0.9980110894	0	0	0	1
3.32	3.702584093	0.1828453795	0	0.9980441706	0.06251266767	0	-0.06251266767	0.9980441706	0	0	0	1
3.33	3.713261131	0.1739563073	0	0.9980336426	0.06268052501	0	-0.06268052501	0.9980336426	0	0	0	1
3.34	3.723939336	0.1661368496	0	0.997971399	0.06366385833	0	-0.06366385833	0.997971399	0	0	0	1
3.35	3.73461731	0.1601156518	0	0.9978297144	0.06584725487	0	-0.06584725487	0.9978297144	0	0	0	1
3.36	3.745211414	0.1567199522	0	0.9975307929	0.07023045829	0	-0.07023045829	0.9975307929	0	0	0	1
3.37	3.755690432	0.155862314	0	0.9970538264	0.07670506671	0	-0.07670506671	0.9970538264	0	0	0	1
3.38	3.766057646	0.1571746479	0	0.9964352188	0.0843614533	0	-0.0843614533	0.9964352188	0	0	0	1
3.39	3.776318747	0.1601394794	0	0.9957515362	0.0920808241	0	-0.0920808241	0.9957515362	0	0	0	1
3.4	3.786474295	0.1642014601	0	0.9950943228	0.09893072719	0	-0.09893072719	0.9950943228	0	0	0	1
3.41	3.7965226	0.1688493543	0	0.994539267	0.1043630509	0	-0.1043630509	0.994539267	0	0	0	1
3.42	3.806459915	0.1736609114	0	0.9941194667	0.1082889007	0	-0.1082889007	0.9941194667	0	0	0	1
3.43	3.81627796	0.1783561671	0	0.9938165061	0.1110349143	0	-0.1110349143	0.9938165061	0	0	0	1
3.44	3.825978599	0.1829071514	0	0.9935828049	0.1131070721	0	-0.1131070721	0.9935828049	0	0	0	1
3.45	3.835582957	0.1873405418	0	0.9933689841	0.1149698282	0	-0.1149698282	0.9933689841	0	0	0	1
3.46	3.845105898	0.1916618794	0	0.9931196644	0.1171039378	0	-0.1171039378	0.9931196644	0	0	0	1
3.47	3.854554972	0.1958674649	0	0.9927909315	0.1198589436	0	-0.1198589436	0.9927909315	0	0	0	1
3.48	3.863938487	0.199954465	0	0.9923669563	0.1233200065	0	-0.1233200065	0.9923669563	0	0	0	1
3.49	3.873266493	0.2039207798	0	0.9918597675	0.1273349978	0	-0.1273349978	0.9918597675	0	0	0	1
3.5	3.882547643	0.2077630774	0	0.991299785	0.1316234641	0	-0.1316234641	0.991299785	0	0	0	1
3.51	3.891788431	0.2114795309	0	0.9907254246	0.1358791116	0	-0.1358791116	0.9907254246	0	0	0	1
3.52	3.900995502	0.2150758031	0	0.9901736148	0.1398435291	0	-0.1398435291	0.9901736148	0	0	0	1
3.53	3.910177902	0.2185692688	0	0.9896707747	0.1433588426	0	-0.1433588426	0.9896707747	0	0	0	1
3.54	3.919347271	0.2219883017	0	0.989225739	0.1463982151	0	-0.1463982151	0.989225739	0	0	0	1
3.55	3.928516499	0.2253668811	0	0.9888283485	0.1490587039	0	-0.1490587039	0.9888283485	0	0	0	1
3.56	3.937698448	0.2287377111	0	0.9884548515	0.1515156971	0	-0.1515156971	0.9884548515	0	0	0	1
3.57	3.946905331	0.2321264855	0	0.9880776703	0.1539562193	0	-0.1539562193	0.9880776703	0	0	0	1
3.58	3.956148763	0.2355490382	0	0.9876746299	0.1565210063	0	-0.1565210063	0.9876746299	0	0	0	1
3.59	3.965439642	0.239010178	0	0.9872348434	0.1592713534	0	-0.1592713534	0.9872348434	0	0	0	1
3.6	3.9747878	0.2425031646	0	0.9867598914	0.1621879053	0	-0.1621879053	0.9867598914	0	0	0	1
3.61	3.984201275	0.2460089759	0	0.9862613608	0.1651923974	0	-0.1651923974	0.9862613608	0	0	0	1
3.62	3.99368569	0.2494959974	0	0.9857563611	0.1681796556	0	-0.1681796556	0.9857563611	0	0	0	1
3.63	4.003243862	0.2529199492	0	0.9852632645	0.1710447301	0	-0.1710447301	0.9852632645	0	0	0	1
3.64	4.012875422	0.2562260736	0	0.9847982541	0.17370204	0	-0.17370204	0.9847982541	0	0	0	1
3.65	4.022576606	0.2593529035	0	0.9843744583	0.1760878357	0	-0.1760878357	0.9843744583	0	0	0	1
3.66	4.032340391	0.2622383551	0	0.9840039456	0.1781466671	0	-0.1781466671	0.9840039456	0	0	0	1
3.67	4.042157635	0.2648280978	0	0.9837021813	0.179805502	0	-0.179805502	0.9837021813	0	0	0	1
3.68	4.052019438	0.2670840627	0	0.9834928582	0.1809469477	0	-0.1809469477	0.9834928582	0	0	0	1
3.69	4.06191971	0.2689898882	0	0.9834096434	0.1813986583	0	-0.1813986583	0.9834096434	0	0	0	1
3.7	4.071856264	0.2705511931	0	0.9834922429	0.1809502918	0	-0.1809502918	0.9834922429	0	0	0	1
3.71	4.081830321	0.2717915746	0	0.9837782843	0.1793886489	0	-0.1793886489	0.9837782843	0	0	0	1
3.72	4.09184597	0.2727452897	0	0.9842944011	0.1765347896	0	-0.1765347896	0.9842944011	0	0	0	1
3.73	4.101909697	0.2734474664	0	0.9850493892	0.1722721707	0	-0.1722721707	0.9850493892	0	0	0	1
3.74	4.112029143	0.2739224003	0	0.9860294867	0.16657086	0	-0.16657086	0.9860294867	0	0	0	1
3.75	4.122211551	0.2741721077	0	0.9871977252	0.159501258	0	-0.159501258	0.9871977252	0	0	0	1
3.76	4.132462733	0.2741670555	0	0.9884980336	0.1512337182	0	-0.1512337182	0.9884980336	0	0	0	1
3.77	4.142786327	0.2738408214	0	0.9898622437	0.142030766	0	-0.142030766	0.9898622437	0	0	0	1
3.78	4.153183012	0.2730904969	0	0.9912183562	0.1322352841	0	-0.1322352841	0.9912183562	0	0	0	1
3.79	4.163649939	0.2717837801	0	0.9924989301	0.1222533177	0	-0.1222533177	0.9924989301	0	0	0	1
3.8	4.174180542	0.2697728383	0	0.993648574	0.1125278249	0	-0.1125278249	0.993648574	0	0	0	1
3.81	4.184765137	0.2669182087	0	0.994628923	0.1035050988	0	-0.1035050988	0.994628923	0	0	0	1
3.82	4.195386378	0.2631487047	0	0.9954174487	0.09562480194	0	-0.09562480194	0.9954174487	0	0	0	1
3.83	4.206027555	0.258447603	0	0.9960231972	0.08909427896	0	-0.08909427896	0.9960231972	0	0	0	1
3.84	4.216687967	0.2528014586	0	0.996486173	0.08375742957	0	-0.08375742957	0.996486173	0	0	0	1
3.85	4.227369692	0.2461941333	0	0.9968499132	0.07931109952	0	-0.07931109952	0.9968499132	0	0	0	1
3.86	4.238071685	0.2386062591	0	0.9971469442	0.07548491074	0	-0.07548491074	0.9971469442	0	0	0	1
3.87	4.248789658	0.2300182274	0	0.9973946228	0.07213852213	0	-0.07213852213	0.9973946228	0	0	0	1
3.88	4.259518372	0.220415369	0	0.9975972147	0.06928056931	0	-0.06928056931	0.9975972147	0	0	0	1
3.89	4.270250517	0.2098177267	0	0.9977490741	0.0670580729	0	-0.0670580729	0.9977490741	0	0	0	1
3.9	4.280908736	0.199105814	0	0.9978219574	0.0659646977	0	-0.0659646977	0.9978219574	0	0	0	1
3.91	4.291566708	0.1890087723	0	0.9978659984	0.06529509362	0	-0.06529509362	0.9978659984	0	0	0	1
3.92	4.302228151	0.1796079979	0	0.9978816234	0.06505586531	0	-0.06505586531	0.9978816234	0	0	0	1
3.93	4.312883626	0.1710982233	0	0.9978544022	0.06547207095	0	-0.06547207095	0.9978544022	0	0	0	1
3.94	4.323548804	0.1637835183	0	0.9977753181	0.06666644314	0	-0.06666644314	0.9977753181	0	0	0	1
3.95	4.33419133	0.1586640432	0	0.9975870599	0.06942663667	0	-0.06942663667	0.9975870599	0	0	0	1
3.96	4.344735629	0.1561792557	0	0.9972198123	0.0745160781	0	-0.0745160781	0.9972198123	0	0	0	1
3.97	4.355169137	0.1561241226	0	0.9966729931	0.08150426254	0	-0.08150426254	0.9966729931	0	0	0	1
3.98	4.365497854	0.1580707682	0	0.995998608	0.08936874641	0	-0.08936874641	0.995998608	0	0	0	1
3.99	4.375724569	0.161480283	0	0.9952820626	0.09702379005	0	-0.09702379005	0.9952820626	0	0	0	1
4	4.385847058	0.1658056761	0	0.9946156886	0.1036321959	0	-0.1036321959	0.9946156886	0	0	0	1
4.01	4.395861216	0.1705610659	0	0.994068107	0.1087593609	0	-0.1087593609	0.994068107	0	0	0	1
4.02	4.405760039	0.1753588719	0	0.9936612738	0.1124156256	0	-0.1124156256	0.9936612738	0	0	0	1
4.03	4.41553424	0.1800125555	0	0.9933677766	0.114980261	0	-0.114980261	0.9933677766	0	0	0	1
4.04	4.42519532	0.1845388455	0	0.9931435945	0.116900816	0	-0.116900816	0.9931435945	0	0	0	1
4.05	4.434764041	0.1889548705	0	0.9929366485	0.1186457419	0	-0.1186457419	0.9929366485	0	0	0	1
4.06	4.4442519	0.1932608126	0	0.9926899834	0.1206921577	0	-0.1206921577	0.9926899834	0	0	0	1
4.07	4.45366694	0.1974537013	0	0.9923646385	0.1233386571	0	-0.1233386571	0.9923646385	0	0	0	1
4.08	4.463019608	0.2015325381	0	0.9919511287	0.1266213186	0	-0.1266213186	0.9919511287	0	0	0	1
4.09	4.472320961	0.2054954877	0	0.9914647807	0.1303748009	0	-0.1303748009	0.9914647807	0	0	0	1
4.1	4.481579696	0.2093389149	0	0.9909358511	0.1343359183	0	-0.1343359183	0.9909358511	0	0	0	1
4.11	4.490802764	0.2130618312	0	0.9904003	0.1382289614	0	-0.1382289614	0.9904003	0	0	0	1
4.12	4.499998108	0.2166721093	0	0.9898911779	0.1418289671	0	-0.1418289671	0.9898911779	0	0	0	1
4.13	4.509176278	0.2201895829	0	0.9894298635	0.1450122242	0	-0.1450122242	0.9894298635	0	0	0	1
4.14	4.518349923	0.2236437857	0	0.9890200503	0.1477813931	0	-0.1477813931	0.9890200503	0	0	0	1
4.15	4.527532351	0.2270678255	0	0.9886480012	0.1502502236	0	-0.1502502236	0.9886480012	0	0	0	1
4.16	4.536736475	0.2304916142	0	0.9882891617	0.1525927024	0	-0.1525927024	0.9882891617	0	0	0	1
4.17	4.545974494	0.2339369638	0	0.9879178267	0.1549786038	0	-0.1549786038	0.9879178267	0	0	0	1
4.18	4.555257988	0.237415328	0	0.9875152231	0.1575235985	0	-0.1575235985	0.9875152231	0	0	0	1
