0	-0.2320513642	-0.7816859767	0	0.7140470668	-0.7000976978	0	0.7000976978	0.7140470668	0	0	0	1
0.01	-0.2166734934	-0.7808024759	0	0.7042534717	-0.7099486232	0	0.7099486232	0.7042534717	0	0	0	1
0.02	-0.2052076491	-0.7771822869	0	0.7063477014	-0.707865047	0	0.707865047	0.7063477014	0	0	0	1
0.03	-0.1964106993	-0.772152895	0	0.7119392671	-0.7022410412	0	0.7022410412	0.7119392671	0	0	0	1
0.04	-0.189614993	-0.7657667234	0	0.7196917501	-0.694293731	0	0.694293731	0.7196917501	0	0	0	1
0.05	-0.1838762043	-0.7580626189	0	0.7292713689	-0.6842245761	0	0.6842245761	0.7292713689	0	0	0	1
0.06	-0.1780043636	-0.7497171937	0	0.7388791584	-0.6738379548	0	0.6738379548	0.7388791584	0	0	0	1
0.07	-0.1709972262	-0.7417448811	0	0.7465858072	-0.6652891345	0	0.6652891345	0.7465858072	0	0	0	1
0.08	-0.1622656124	-0.7350089387	0	0.7514924665	-0.6597416713	0	0.6597416713	0.7514924665	0	0	0	1
0.09	-0.1515784344	-0.7299881261	0	0.7537825688	-0.6571239145	0	0.6571239145	0.7537825688	0	0	0	1
0.1	-0.1388862916	-0.7268289332	0	0.7542287709	-0.6566117278	0	0.6566117278	0.7542287709	0	0	0	1
0.11	-0.1241485035	-0.7255474571	0	0.7536346109	-0.6572935975	0	0.6572935975	0.7536346109	0	0	0	1
0.12	-0.1072187944	-0.7262466022	0	0.7523942339	-0.6587130763	0	0.6587130763	0.7523942339	0	0	0	1
0.13	-0.08780647232	-0.7292612343	0	0.7502362181	-0.6611698852	0	0.6611698852	0.7502362181	0	0	0	1
0.14	-0.06550881118	-0.735182582	0	0.7461867285	-0.6657367093	0	0.6657367093	0.7461867285	0	0	0	1
0.15	-0.0398863409	-0.7447563323	0	0.738725003	-0.674006951	0	0.674006951	0.738725003	0	0	0	1
0.16	-0.01049189383	-0.7586811187	0	0.725907398	-0.6877924466	0	0.6877924466	0.725907398	0	0	0	1
0.17	0.02335788116	-0.7770629183	0	0.7033866899	-0.7108074032	0	0.7108074032	0.7033866899	0	0	0	1
0.18	0.06177284629	-0.7981549853	0	0.670781588	-0.7416549475	0	0.7416549475	0.670781588	0	0	0	1
0.19	0.102573564	-0.8152716145	0	0.6290932389	-0.7773298507	0	0.7773298507	0.6290932389	0	0	0	1
0.2	0.1434226449	-0.8266607781	0	0.5904391883	-0.8070821302	0	0.8070821302	0.5904391883	0	0	0	1
0.21	0.1862005399	-0.8395120505	0	0.5385873701	-0.8425696676	0	0.8425696676	0.5385873701	0	0	0	1
0.22	0.2312388855	-0.8537606941	0	0.4723166576	-0.8814289392	0	0.8814289392	0.4723166576	0	0	0	1
0.23	0.2771387678	-0.8658088462	0	0.3972926113	-0.9176919859	0	0.9176919859	0.3972926113	0	0	0	1
0.24	0.3212646693	-0.8726978358	0	0.3241754576	-0.9459969729	0	0.9459969729	0.3241754576	0	0	0	1
0.25	0.3623072912	-0.8754329276	0	0.2561856735	-0.9666275915	0	0.9666275915	0.2561856735	0	0	0	1
0.26	0.4004748586	-0.8763885639	0	0.1903122502	-0.9817236105	0	0.9817236105	0.1903122502	0	0	0	1
0.27	0.4362995931	-0.8767898271	0	0.1244511448	-0.9922257367	0	0.9922257367	0.1244511448	0	0	0	1
0.28	0.4700865026	-0.8765854645	0	0.05937768089	-0.9982355889	0	0.9982355889	0.05937768089	0	0	0	1
0.29	0.5021603061	-0.8754913255	0	-0.003608052391	-0.999993491	0	0.999993491	-0.003608052391	0	0	0	1
0.3	0.5331577547	-0.8736217289	0	-0.06451486801	-0.9979167459	0	0.9979167459	-0.06451486801	0	0	0	1
0.31	0.5639232888	-0.8713500725	0	-0.124347083	-0.9922387832	0	0.9922387832	-0.124347083	0	0	0	1
0.32	0.5951688774	-0.8689337517	0	-0.1838162212	-0.9829606283	0	0.9829606283	-0.1838162212	0	0	0	1
0.33	0.627266288	-0.866389506	0	-0.2427398467	-0.9700914219	0	0.9700914219	-0.2427398467	0	0	0	1
0.34	0.6602749658	-0.863607133	0	-0.3003701722	-0.9538227087	0	0.9538227087	-0.3003701722	0	0	0	1
0.35	0.6940584995	-0.8604726769	0	-0.3559245551	-0.9345146928	0	0.9345146928	-0.3559245551	0	0	0	1
0.36	0.7283544328	-0.85690139	0	-0.4088038908	-0.9126222542	0	0.9126222542	-0.4088038908	0	0	0	1
0.37	0.7627825129	-0.8527975578	0	-0.458593663	-0.8886460782	0	0.8886460782	-0.458593663	0	0	0	1
0.38	0.7968263376	-0.8481259725	0	-0.5048365806	-0.8632149367	0	0.8632149367	-0.5048365806	0	0	0	1
0.39	0.8299310625	-0.8429951853	0	-0.5470813053	-0.8370794737	0	0.8370794737	-0.5470813053	0	0	0	1
0.4	0.8616046176	-0.8376403166	0	-0.5851008468	-0.810960541	0	0.810960541	-0.5851008468	0	0	0	1
0.41	0.8914070439	-0.8323496104	0	-0.6188271975	-0.7855271476	0	0.7855271476	-0.6188271975	0	0	0	1
0.42	0.9189363973	-0.827444699	0	-0.64825491	-0.7614233853	0	0.7614233853	-0.64825491	0	0	0	1
0.43	0.943808035	-0.8232895734	0	-0.6733622946	-0.7393126674	0	0.7393126674	-0.6733622946	0	0	0	1
0.44	0.9656048066	-0.8202925162	0	-0.693882969	-0.72008779	0	0.72008779	-0.693882969	0	0	0	1
0.45	0.983913432	-0.8188709935	0	-0.7093454538	-0.7048609985	0	0.7048609985	-0.7093454538	0	0	0	1
0.46	0.9983983803	-0.8193765806	0	-0.719250108	-0.6947512376	0	0.6947512376	-0.719250108	0	0	0	1
0.47	1.008857247	-0.8220184352	0	-0.7231830012	-0.6906564608	0	0.6906564608	-0.7231830012	0	0	0	1
0.48	1.015253247	-0.826816941	0	-0.7208483962	-0.6930927713	0	0.6930927713	-0.7208483962	0	0	0	1
0.49	1.017736095	-0.8335983133	0	-0.7120779064	-0.7021004595	0	0.7021004595	-0.7120779064	0	0	0	1
0.5	1.016652547	-0.8420300939	0	-0.6968480389	-0.7172188025	0	0.7172188025	-0.6968480389	0	0	0	1
0.51	1.012539682	-0.851689575	0	-0.6753110451	-0.7375330449	0	0.7375330449	-0.6753110451	0	0	0	1
0.52	1.006093447	-0.8621486869	0	-0.6478234272	-0.7617905271	0	0.7617905271	-0.6478234272	0	0	0	1
0.53	0.9981121702	-0.8730497955	0	-0.6149548728	-0.7885623022	0	0.7885623022	-0.6149548728	0	0	0	1
0.54	0.9894286816	-0.8841381419	0	-0.5774932287	-0.8163954745	0	0.8163954745	-0.5774932287	0	0	0	1
0.55	0.9808246669	-0.8953023893	0	-0.5364259939	-0.8439473639	0	0.8439473639	-0.5364259939	0	0	0	1
0.56	0.9729266441	-0.9065844735	0	-0.4926178907	-0.8702457203	0	0.8702457203	-0.4926178907	0	0	0	1
0.57	0.9662285574	-0.9181071512	0	-0.4468670996	-0.8946003551	0	0.8946003551	-0.4468670996	0	0	0	1
0.58	0.9611709125	-0.9300415608	0	-0.4002850173	-0.9163906945	0	0.9163906945	-0.4002850173	0	0	0	1
0.59	0.9580972596	-0.9425986721	0	-0.3542627453	-0.9351459283	0	0.9351459283	-0.3542627453	0	0	0	1
0.6	0.9572047055	-0.9559453917	0	-0.3103108498	-0.9506351437	0	0.9506351437	-0.3103108498	0	0	0	1
0.61	0.9571919219	-0.9682611692	0	-0.2612741377	-0.9652646399	0	0.9652646399	-0.2612741377	0	0	0	1
0.62	0.9572049609	-0.9792854074	0	-0.2082069179	-0.9780848017	0	0.9780848017	-0.2082069179	0	0	0	1
0.63	0.9572101044	-0.9895824775	0	-0.1620017154	-0.9867904764	0	0.9867904764	-0.1620017154	0	0	0	1
0.64	0.9572314078	-0.9985094381	0	-0.1590736438	-0.9872667197	0	0.9872667197	-0.1590736438	0	0	0	1
0.65	0.9571826603	-1.004953879	0	-0.1520544766	-0.9883721142	0	0.9883721142	-0.1520544766	0	0	0	1
0.66	0.9570629572	-1.008069086	0	-0.1377898116	-0.9904614923	0	0.9904614923	-0.1377898116	0	0	0	1
0.67	0.9568957957	-1.007891235	0	-0.1174570026	-0.993077969	0	0.993077969	-0.1174570026	0	0	0	1
0.68	0.9566856185	-1.004931941	0	-0.09256619333	-0.995706533	0	0.995706533	-0.09256619333	0	0	0	1
0.69	0.9564431362	-0.9998943066	0	-0.06422111288	-0.9979356936	0	0.9979356936	-0.06422111288	0	0	0	1
0.7	0.9562159824	-0.9935257723	0	-0.03329926513	-0.9994454257	0	0.9994454257	-0.03329926513	0	0	0	1
0.71	0.9561132689	-0.98648414	0	-0.0005851941061	-0.9999998288	0	0.9999998288	-0.0005851941061	0	0	0	1
0.72	0.9562732584	-0.9789800869	0	0.03452020379	-0.9994040002	0	0.9994040002	0.03452020379	0	0	0	1
0.73	0.9567771697	-0.9710100583	0	0.07222149707	-0.997388618	0	0.997388618	0.07222149707	0	0	0	1
0.74	0.9576740111	-0.9626117747	0	0.1118349938	-0.9937267905	0	0.9937267905	0.1118349938	0	0	0	1
0.75	0.9589870546	-0.9538317502	0	0.1526118503	-0.9882862051	0	0.9882862051	0.1526118503	0	0	0	1
0.76	0.9607242938	-0.9447173375	0	0.1939759996	-0.981006275	0	0.981006275	0.1939759996	0	0	0	1
0.77	0.9628847151	-0.9353205176	0	0.23550086	-0.9718741405	0	0.9718741405	0.23550086	0	0	0	1
0.78	0.9654600083	-0.9257043419	0	0.2768391207	-0.9609162821	0	0.9609162821	0.2768391207	0	0	0	1
0.79	0.9684336603	-0.9159452321	0	0.3176699368	-0.9482013559	0	0.9482013559	0.3176699368	0	0	0	1
0.8	0.9717790288	-0.9061317938	0	0.3576698972	-0.9338480844	0	0.9338480844	0.3576698972	0	0	0	1
0.81	0.9754570558	-0.8963634753	0	0.3964992791	-0.9180350329	0	0.9180350329	0.3964992791	0	0	0	1
0.82	0.9794134325	-0.8867536888	0	0.4337913115	-0.9010133728	0	0.9010133728	0.4337913115	0	0	0	1
0.83	0.9835768849	-0.8774309515	0	0.469158339	-0.8831140657	0	0.8831140657	0.469158339	0	0	0	1
0.84	0.9878610724	-0.8685346211	0	0.5022238008	-0.8647376792	0	0.8647376792	0.5022238008	0	0	0	1
0.85	0.9921732779	-0.8602001881	0	0.5326881432	-0.8463116105	0	0.8463116105	0.5326881432	0	0	0	1
0.86	0.9964276219	-0.8525399062	0	0.5603986302	-0.8282230227	0	0.8282230227	0.5603986302	0	0	0	1
0.87	1.000558898	-0.8456250808	0	0.5853962578	-0.8107473228	0	0.8107473228	0.5853962578	0	0	0	1
0.88	1.004532602	-0.839475229	0	0.607917274	-0.7940003703	0	0.7940003703	0.607917274	0	0	0	1
0.89	1.008348964	-0.8340575259	0	0.6283453044	-0.7779345592	0	0.7779345592	0.6283453044	0	0	0	1
0.9	1.012039339	-0.8292956597	0	0.6471331454	-0.7623770013	0	0.7623770013	0.6471331454	0	0	0	1
0.91	1.015654341	-0.8250841866	0	0.6647191483	-0.7470933368	0	0.7470933368	0.6647191483	0	0	0	1
0.92	1.019246858	-0.8213039634	0	0.6814568857	-0.7318582602	0	0.7318582602	0.6814568857	0	0	0	1
0.93	1.022854544	-0.8178372755	0	0.697563129	-0.7165233291	0	0.7165233291	0.697563129	0	0	0	1
0.94	1.026486271	-0.8145807264	0	0.7130927594	-0.7010696945	0	0.7010696945	0.7130927594	0	0	0	1
0.95	1.030114955	-0.8114543631	0	0.7279437249	-0.6856368816	0	0.6856368816	0.7279437249	0	0	0	1
0.96	1.033677355	-0.8084073818	0	0.7418876541	-0.6705242044	0	0.6705242044	0.7418876541	0	0	0	1
0.97	1.037080881	-0.8054194452	0	0.7546186094	-0.6561636643	0	0.6561636643	0.7546186094	0	0	0	1
0.98	1.040216236	-0.8024984533	0	0.7658078313	-0.6430694873	0	0.6430694873	0.7658078313	0	0	0	1
0.99	1.042976149	-0.799674629	0	0.7751575156	-0.631768016	0	0.631768016	0.7751575156	0	0	0	1
1	1.045278892	-0.7969940013	0	0.7824371138	-0.6227296066	0	0.6227296066	0.7824371138	0	0	0	1
1.01	1.047111168	-0.7945270956	0	0.7874361577	-0.616396218	0	0.616396218	0.7874361577	0	0	0	1
1.02	1.048791442	-0.7925614316	0	0.7892643649	-0.6140535501	0	0.6140535501	0.7892643649	0	0	0	1
1.03	1.050708897	-0.7912323218	0	0.7880857258	-0.6155655032	0	0.6155655032	0.7880857258	0	0	0	1
1.04	1.052801952	-0.7902240896	0	0.7853583342	-0.6190414258	0	0.6190414258	0.7853583342	0	0	0	1
1.05	1.054550423	-0.7888898845	0	0.7830087151	-0.6220107331	0	0.6220107331	0.7830087151	0	0	0	1
1.06	1.055477802	-0.7867615193	0	0.7822183673	-0.6230043547	0	0.6230043547	0.7822183673	0	0	0	1
1.07	1.055389231	-0.7836294363	0	0.783604776	-0.6212596518	0	0.6212596518	0.783604776	0	0	0	1
1.08	1.054366643	-0.7794664091	0	0.7875233613	-0.6162848006	0	0.6162848006	0.7875233613	0	0	0	1
1.09	1.052756852	-0.7744987604	0	0.7939084215	-0.6080373494	0	0.6080373494	0.7939084215	0	0	0	1
1.1	1.051158927	-0.769220989	0	0.8021742177	-0.5970900472	0	0.5970900472	0.8021742177	0	0	0	1
1.11	1.050619596	-0.7641301111	0	0.8099103391	-0.5865536997	0	0.5865536997	0.8099103391	0	0	0	1
1.12	1.051742161	-0.7592803148	0	0.816604886	-0.5771970722	0	0.5771970722	0.816604886	0	0	0	1
1.13	1.055400492	-0.754409921	0	0.8229080211	-0.5681746112	0	0.5681746112	0.8229080211	0	0	0	1
1.14	1.06279943	-0.7500722538	0	0.8261971162	-0.5633811545	0	0.5633811545	0.8261971162	0	0	0	1
1.15	1.074248104	-0.7474816901	0	0.8238963992	-0.5667404374	0	0.5667404374	0.8238963992	0	0	0	1
1.16	1.089391236	-0.7476007966	0	0.8144848898	-0.5801847673	0	0.5801847673	0.8144848898	0	0	0	1
1.17	1.107660626	-0.7502405602	0	0.7980007888	-0.6026564038	0	0.6026564038	0.7980007888	0	0	0	1
1.18	1.12845932	-0.7543397018	0	0.7758894097	-0.6308689435	0	0.6308689435	0.7758894097	0	0	0	1
1.19	1.151204288	-0.758893244	0	0.7498932154	-0.6615588905	0	0.6615588905	0.7498932154	0	0	0	1
1.2	1.175430401	-0.7635957152	0	0.7209414419	-0.6929959866	0	0.6929959866	0.7209414419	0	0	0	1
1.21	1.200954469	-0.76885	0	0.6886458814	-0.725097821	0	0.725097821	0.6886458814	0	0	0	1
1.22	1.227981329	-0.7753022378	0	0.6512769485	-0.7588401257	0	0.7588401257	0.6512769485	0	0	0	1
1.23	1.256925447	-0.7832504167	0	0.6070830195	-0.794638413	0	0.794638413	0.6070830195	0	0	0	1
1.24	1.288211357	-0.792563525	0	0.5550030947	-0.8318482823	0	0.8318482823	0.5550030947	0	0	0	1
1.25	1.322142438	-0.8029008958	0	0.4945315365	-0.8691596858	0	0.8691596858	0.4945315365	0	0	0	1
1.26	1.358829732	-0.8138461521	0	0.425703185	-0.9048628616	0	0.9048628616	0.425703185	0	0	0	1
1.27	1.398162523	-0.8249074797	0	0.3492983526	-0.9370115585	0	0.9370115585	0.3492983526	0	0	0	1
1.28	1.43981331	-0.8355218984	0	0.266970609	-0.9637046715	0	0.9637046715	0.266970609	0	0	0	1
1.29	1.483296984	-0.8451470329	0	0.1810240705	-0.9834786657	0	0.9834786657	0.1810240705	0	0	0	1
1.3	1.528076459	-0.8533801579	0	0.0939223048	-0.9955795301	0	0.9955795301	0.0939223048	0	0	0	1
1.31	1.5736801	-0.8600120933	0	0.007787256672	-0.9999696789	0	0.9999696789	0.007787256672	0	0	0	1
1.32	1.619767059	-0.8649849148	0	-0.07585118973	-0.9971191489	0	0.9971191489	-0.07585118973	0	0	0	1
1.33	1.666118352	-0.8683065792	0	-0.156041861	-0.987750443	0	0.987750443	-0.156041861	0	0	0	1
1.34	1.712579039	-0.8699852389	0	-0.2322752992	-0.9726500837	0	0.9726500837	-0.2322752992	0	0	0	1
1.35	1.758982189	-0.8700052955	0	-0.3043206678	-0.9525696463	0	0.9525696463	-0.3043206678	0	0	0	1
1.36	1.805075238	-0.8683384367	0	-0.3720677329	-0.9282055818	0	0.9282055818	-0.3720677329	0	0	0	1
1.37	1.850463086	-0.864980607	0	-0.4353895554	-0.9002421536	0	0.9002421536	-0.4353895554	0	0	0	1
1.38	1.894584231	-0.8600067445	0	-0.4940539366	-0.8694312553	0	0.8694312553	-0.4940539366	0	0	0	1
1.39	1.936728069	-0.8536282737	0	-0.5477000402	-0.8366747671	0	0.8366747671	-0.5477000402	0	0	0	1
1.4	1.976089459	-0.846232618	0	-0.5958709072	-0.8030802338	0	0.8030802338	-0.5958709072	0	0	0	1
1.41	2.011848315	-0.8383866947	0	-0.6380812643	-0.7699690254	0	0.7699690254	-0.6380812643	0	0	0	1
1.42	2.043244605	-0.8307989328	0	-0.6738818845	-0.7388390932	0	0.7388390932	-0.6738818845	0	0	0	1
1.43	2.069642752	-0.8242437781	0	-0.7029120423	-0.7112767821	0	0.7112767821	-0.7029120423	0	0	0	1
1.44	2.090576348	-0.819461486	0	-0.7249290179	-0.6888235761	0	0.6888235761	-0.7249290179	0	0	0	1
1.45	2.105766125	-0.8170550383	0	-0.7398020605	-0.6728245769	0	0.6728245769	-0.7398020605	0	0	0	1
1.46	2.115123329	-0.8174039346	0	-0.7474879731	-0.6642753421	0	0.6642753421	-0.7474879731	0	0	0	1
1.47	2.118744527	-0.8206137606	0	-0.7479983388	-0.663700599	0	0.663700599	-0.7479983388	0	0	0	1
1.48	2.116906684	-0.8265121441	0	-0.7413774045	-0.6710883281	0	0.6710883281	-0.7413774045	0	0	0	1
1.49	2.110062382	-0.8346924614	0	-0.7277011166	-0.6858943686	0	0.6858943686	-0.7277011166	0	0	0	1
1.5	2.098828813	-0.8445953512	0	-0.7070957689	-0.7071177933	0	0.7071177933	-0.7070957689	0	0	0	1
1.51	2.087049342	-0.8544075993	0	-0.6843866605	-0.7291192625	0	0.7291192625	-0.6843866605	0	0	0	1
1.52	2.074522959	-0.8640861186	0	-0.6632766904	-0.7483742593	0	0.7483742593	-0.6632766904	0	0	0	1
1.53	2.060302489	-0.8739789213	0	-0.6371703224	-0.7707230243	0	0.7707230243	-0.6371703224	0	0	0	1
1.54	2.044853644	-0.8839705508	0	-0.607511127	-0.7943111674	0	0.7943111674	-0.607511127	0	0	0	1
1.55	2.027910843	-0.8941635672	0	-0.5729426321	-0.8195954736	0	0.8195954736	-0.5729426321	0	0	0	1
1.56	2.009417173	-0.9045218301	0	-0.5321277469	-0.846664078	0	0.846664078	-0.5321277469	0	0	0	1
1.57	1.989943428	-0.9149017814	0	-0.4854080648	-0.8742877162	0	0.8742877162	-0.4854080648	0	0	0	1
1.58	1.970429525	-0.9252565904	0	-0.4339709786	-0.9009268504	0	0.9009268504	-0.4339709786	0	0	0	1
1.59	1.951849891	-0.9355818042	0	-0.3788284161	-0.925466926	0	0.925466926	-0.3788284161	0	0	0	1
1.6	1.935315326	-0.9460089954	0	-0.3220840543	-0.9467110763	0	0.9467110763	-0.3220840543	0	0	0	1
1.61	1.922334832	-0.9568724227	0	-0.2685621318	-0.9632623637	0	0.9632623637	-0.2685621318	0	0	0	1
1.62	1.921059031	-0.9680835497	0	-0.2357214845	-0.9718206531	0	0.9718206531	-0.2357214845	0	0	0	1
1.63	1.921026552	-0.9776537324	0	-0.1896406765	-0.9818535603	0	0.9818535603	-0.1896406765	0	0	0	1
1.64	1.920999661	-0.9864739072	0	-0.1452546978	-0.9893942959	0	0.9893942959	-0.1452546978	0	0	0	1
1.65	1.920979902	-0.9945358402	0	-0.1408322462	-0.9900334734	0	0.9900334734	-0.1408322462	0	0	0	1
1.66	1.920900278	-1.000858054	0	-0.1331245125	-0.991099321	0	0.991099321	-0.1331245125	0	0	0	1
1.67	1.920747935	-1.004232543	0	-0.1186465676	-0.9929365498	0	0.9929365498	-0.1186465676	0	0	0	1
1.68	1.920541687	-1.004457806	0	-0.09813092211	-0.9951735136	0	0.9951735136	-0.09813092211	0	0	0	1
1.69	1.920301165	-1.001862964	0	-0.07338809925	-0.9973034578	0	0.9973034578	-0.07338809925	0	0	0	1
1.7	1.920046381	-0.9970235654	0	-0.04610590577	-0.9989365573	0	0.9989365573	-0.04610590577	0	0	0	1
1.71	1.919797874	-0.9907411371	0	-0.01765233089	-0.9998441855	0	0.9998441855	-0.01765233089	0	0	0	1
1.72	1.91962452	-0.9838596922	0	0.01112936717	-0.9999380667	0	0.9999380667	0.01112936717	0	0	0	1
1.73	1.919654369	-0.9767887361	0	0.04082824162	-0.9991661797	0	0.9991661797	0.04082824162	0	0	0	1
1.74	1.919950265	-0.9696907724	0	0.07158732909	-0.9974343358	0	0.9974343358	0.07158732909	0	0	0	1
1.75	1.920538536	-0.962558173	0	0.1033326351	-0.9946468552	0	0.9946468552	0.1033326351	0	0	0	1
1.76	1.921441977	-0.9552871879	0	0.1361341617	-0.9906904108	0	0.9906904108	0.1361341617	0	0	0	1
1.77	1.922679692	-0.9477996478	0	0.1698800034	-0.9854647556	0	0.9854647556	0.1698800034	0	0	0	1
1.78	1.924245075	-0.9401221281	0	0.2039869884	-0.9789735995	0	0.9789735995	0.2039869884	0	0	0	1
1.79	1.926093679	-0.9323832172	0	0.237540413	-0.9713776568	0	0.9713776568	0.237540413	0	0	0	1
1.8	1.92815572	-0.9247509691	0	0.2696993389	-0.9629445813	0	0.9629445813	0.2696993389	0	0	0	1
1.81	1.930364657	-0.9173624086	0	0.3000376819	-0.9539273502	0	0.9539273502	0.3000376819	0	0	0	1
1.82	1.932683508	-0.9102830861	0	0.3286503579	-0.9444516622	0	0.9444516622	0.3286503579	0	0	0	1
1.83	1.935115951	-0.9035049611	0	0.3560389464	-0.9344711171	0	0.9344711171	0.3560389464	0	0	0	1
1.84	1.937700575	-0.8969693675	0	0.382885	-0.9237960147	0	0.9237960147	0.382885	0	0	0	1
1.85	1.94049453	-0.8905967127	0	0.4098222506	-0.9121654033	0	0.9121654033	0.4098222506	0	0	0	1
1.86	1.9435535	-0.8843120389	0	0.4372677252	-0.899331383	0	0.899331383	0.4372677252	0	0	0	1
1.87	1.946912946	-0.8780633087	0	0.4653315148	-0.8851364761	0	0.8851364761	0.4653315148	0	0	0	1
1.88	1.950573527	-0.8718326011	0	0.4938028353	-0.8695738956	0	0.8695738956	0.4938028353	0	0	0	1
1.89	1.954492538	-0.8656410034	0	0.5221992507	-0.852823512	0	0.852823512	0.5221992507	0	0	0	1
1.9	1.95858327	-0.8595476124	0	0.5498641149	-0.8352541261	0	0.8352541261	0.5498641149	0	0	0	1
1.91	1.962723755	-0.8536427437	0	0.5760921144	-0.8173847783	0	0.8173847783	0.5760921144	0	0	0	1
1.92	1.966774351	-0.8480337563	0	0.6002593131	-0.7998054495	0	0.7998054495	0.6002593131	0	0	0	1
1.93	1.970604371	-0.8428191107	0	0.6219447019	-0.7830611648	0	0.7830611648	0.6219447019	0	0	0	1
1.94	1.974130273	-0.8380459769	0	0.6410644795	-0.7674870247	0	0.7674870247	0.6410644795	0	0	0	1
1.95	1.977365718	-0.833673128	0	0.6580218496	-0.752998835	0	0.752998835	0.6580218496	0	0	0	1
1.96	1.980438413	-0.8295859107	0	0.673667485	-0.7390345863	0	0.7390345863	0.673667485	0	0	0	1
1.97	1.983531491	-0.8256566104	0	0.6889327464	-0.7248252693	0	0.7248252693	0.6889327464	0	0	0	1
1.98	1.986812776	-0.8217748985	0	0.7044995756	-0.7097044089	0	0.7097044089	0.7044995756	0	0	0	1
1.99	1.990391773	-0.8178399774	0	0.720681408	-0.6932664049	0	0.6932664049	0.720681408	0	0	0	1
2	1.99429173	-0.8137625021	0	0.7374010811	-0.6754551396	0	0.6754551396	0.7374010811	0	0	0	1
2.01	1.998455577	-0.8094822164	0	0.7542881575	-0.6565435061	0	0.6565435061	0.7542881575	0	0	0	1
2.02	2.002761947	-0.80498727	0	0.7707931311	-0.6370855116	0	0.6370855116	0.7707931311	0	0	0	1
2.03	2.007032605	-0.800329526	0	0.7862574164	-0.6178990817	0	0.6178990817	0.7862574164	0	0	0	1
2.04	2.011062119	-0.7956278325	0	0.8000226605	-0.5999697848	0	0.5999697848	0.8000226605	0	0	0	1
2.05	2.014680506	-0.7910658729	0	0.8115174289	-0.5843282149	0	0.5843282149	0.8115174289	0	0	0	1
2.06	2.017980138	-0.7870420475	0	0.8196744218	-0.57282968	0	0.57282968	0.8196744218	0	0	0	1
2.07	2.021645842	-0.7842435438	0	0.8233126945	-0.5675880611	0	0.5675880611	0.8233126945	0	0	0	1
2.08	2.025631052	-0.7823298802	0	0.8246982098	-0.5655730392	0	0.5655730392	0.8246982098	0	0	0	1
2.09	2.029649968	-0.7808666933	0	0.825312064	-0.5646768961	0	0.5646768961	0.825312064	0	0	0	1
2.1	2.033558463	-0.7796280636	0	0.8257767861	-0.5639970741	0	0.5639970741	0.8257767861	0	0	0	1
2.11	2.037343288	-0.7784538579	0	0.8265687288	-0.5628357989	0	0.5628357989	0.8265687288	0	0	0	1
2.12	2.041111838	-0.7772341199	0	0.8281048182	-0.560573287	0	0.560573287	0.8281048182	0	0	0	1
2.13	2.045068179	-0.7759094278	0	0.8307833304	-0.5565959557	0	0.5565959557	0.8307833304	0	0	0	1
2.14	2.049895024	-0.7745381481	0	0.8332181488	-0.5529444064	0	0.5529444064	0.8332181488	0	0	0	1
2.15	2.05632859	-0.7728133169	0	0.8343879042	-0.5511776713	0	0.5511776713	0.8343879042	0	0	0	1
2.16	2.064672261	-0.7705922131	0	0.8353391813	-0.5497348926	0	0.5497348926	0.8353391813	0	0	0	1
2.17	2.075140313	-0.768514048	0	0.8350636346	-0.5501533661	0	0.5501533661	0.8350636346	0	0	0	1
2.18	2.087873113	-0.7669331402	0	0.8327518119	-0.5536464754	0	0.5536464754	0.8327518119	0	0	0	1
2.19	2.103197039	-0.7658355077	0	0.8277547793	-0.5610900332	0	0.5610900332	0.8277547793	0	0	0	1
2.2	2.12086575	-0.7658150036	0	0.8190921312	-0.5736619917	0	0.5736619917	0.8190921312	0	0	0	1
2.21	2.140259175	-0.7668583063	0	0.8065493383	-0.5911667826	0	0.5911667826	0.8065493383	0	0	0	1
2.22	2.160708081	-0.7679838532	0	0.7916223274	-0.6110107124	0	0.6110107124	0.7916223274	0	0	0	1
2.23	2.181579062	-0.7681670298	0	0.7763648622	-0.6302837463	0	0.6302837463	0.7763648622	0	0	0	1
2.24	2.202355145	-0.7670835062	0	0.7620495497	-0.6475187131	0	0.6475187131	0.7620495497	0	0	0	1
2.25	2.222732428	-0.7651708961	0	0.7487393773	-0.6628644997	0	0.6628644997	0.7487393773	0	0	0	1
2.26	2.242646799	-0.7632679127	0	0.7356437847	-0.6773686013	0	0.6773686013	0.7356437847	0	0	0	1
2.27	2.262237928	-0.7621843437	0	0.7214998715	-0.692414569	0	0.692414569	0.7214998715	0	0	0	1
2.28	2.281752296	-0.7622555523	0	0.7052103958	-0.7089980943	0	0.7089980943	0.7052103958	0	0	0	1
2.29	2.301466862	-0.7633812447	0	0.6863577416	-0.7272640858	0	0.7272640858	0.6863577416	0	0	0	1
2.3	2.321613049	-0.7654624996	0	0.664636189	-0.7471671408	0	0.7471671408	0.664636189	0	0	0	1
2.31	2.342321342	-0.7685456651	0	0.6395517852	-0.7687480173	0	0.7687480173	0.6395517852	0	0	0	1
2.32	2.363612548	-0.7726656887	0	0.6106671101	-0.7918874167	0	0.7918874167	0.6106671101	0	0	0	1
2.33	2.385410541	-0.7776958766	0	0.5779359007	-0.8160821617	0	0.8160821617	0.5779359007	0	0	0	1
2.34	2.40756581	-0.7833563486	0	0.5417689196	-0.8405274759	0	0.8405274759	0.5417689196	0	0	0	1
2.35	2.429900592	-0.7893418924	0	0.5027874915	-0.8644100522	0	0.8644100522	0.5027874915	0	0	0	1
2.36	2.452272403	-0.7954530164	0	0.4614695002	-0.8871560744	0	0.8871560744	0.4614695002	0	0	0	1
2.37	2.474636022	-0.8016533365	0	0.4179129171	-0.9084870906	0	0.9084870906	0.4179129171	0	0	0	1
2.38	2.49706853	-0.8080314156	0	0.3718584275	-0.9282894537	0	0.9282894537	0.3718584275	0	0	0	1
2.39	2.519749205	-0.8147128226	0	0.3229054856	-0.9464312164	0	0.9464312164	0.3229054856	0	0	0	1
2.4	2.542913567	-0.8217841688	0	0.2707550764	-0.9626482684	0	0.9626482684	0.2707550764	0	0	0	1
2.41	2.566811788	-0.829264352	0	0.2153470876	-0.9765375732	0	0.9765375732	0.2153470876	0	0	0	1
2.42	2.591685806	-0.8371112292	0	0.1568824985	-0.9876172749	0	0.9876172749	0.1568824985	0	0	0	1
2.43	2.617761637	-0.8452326127	0	0.09579429496	-0.9954011518	0	0.9954011518	0.09579429496	0	0	0	1
2.44	2.645242513	-0.8534815633	0	0.03271700651	-0.9994646554	0	0.9994646554	0.03271700651	0	0	0	1
2.45	2.674293513	-0.8616418924	0	-0.0315433845	-0.9995023836	0	0.9995023836	-0.0315433845	0	0	0	1
2.46	2.705015664	-0.8694212421	0	-0.09607329264	-0.9953742625	0	0.9953742625	-0.09607329264	0	0	0	1
2.47	2.737413394	-0.8764653235	0	-0.1599452733	-0.9871258833	0	0.9871258833	-0.1599452733	0	0	0	1
2.48	2.771358315	-0.8823950703	0	-0.2222992527	-0.974978483	0	0.974978483	-0.2222992527	0	0	0	1
2.49	2.806558315	-0.8868650153	0	-0.2823810058	-0.9593023338	0	0.9593023338	-0.2823810058	0	0	0	1
2.5	2.842550984	-0.8896353916	0	-0.3395460857	-0.9405894193	0	0.9405894193	-0.3395460857	0	0	0	1
2.51	2.878732776	-0.8906330671	0	-0.3932572628	-0.9194284775	0	0.9194284775	-0.3932572628	0	0	0	1
2.52	2.914405973	-0.8899755223	0	-0.4430365985	-0.8965035262	0	0.8965035262	-0.4430365985	0	0	0	1
2.53	2.948818496	-0.8879578689	0	-0.4883820537	-0.8726299156	0	0.8726299156	-0.4883820537	0	0	0	1
2.54	2.981206265	-0.8850243326	0	-0.5287105786	-0.8488021702	0	0.8488021702	-0.5287105786	0	0	0	1
2.55	3.010857781	-0.8817225955	0	-0.5634108031	-0.8261768981	0	0.8261768981	-0.5634108031	0	0	0	1
2.56	3.037176453	-0.8786356778	0	-0.5919363755	-0.8059846943	0	0.8059846943	-0.5919363755	0	0	0	1
2.57	3.059720924	-0.8763059079	0	-0.6138592725	-0.7894154759	0	0.7894154759	-0.6138592725	0	0	0	1
2.58	3.078233923	-0.8751658004	0	-0.6289089945	-0.7774789236	0	0.7774789236	-0.6289089945	0	0	0	1
2.59	3.092658515	-0.875488684	0	-0.6370046179	-0.7708599852	0	0.7708599852	-0.6370046179	0	0	0	1
2.6	3.103140011	-0.877371349	0	-0.6382679354	-0.769814291	0	0.769814291	-0.6382679354	0	0	0	1
2.61	3.110008394	-0.8807537993	0	-0.6330134732	-0.7741407771	0	0.7741407771	-0.6330134732	0	0	0	1
2.62	3.113747697	-0.8854649167	0	-0.6217373775	-0.783225787	0	0.783225787	-0.6217373775	0	0	0	1
2.63	3.114927924	-0.8912678149	0	-0.6050389368	-0.7961958835	0	0.7961958835	-0.6050389368	0	0	0	1
2.64	3.114195416	-0.8978686879	0	-0.5837805744	-0.8119114736	0	0.8119114736	-0.5837805744	0	0	0	1
2.65	3.11217324	-0.9050618818	0	-0.5589816747	-0.829180009	0	0.829180009	-0.5589816747	0	0	0	1
2.66	3.109226942	-0.9127757326	0	-0.5308350929	-0.8474751348	0	0.8474751348	-0.5308350929	0	0	0	1
2.67	3.105635902	-0.9209819332	0	-0.4992126857	-0.866479483	0	0.866479483	-0.4992126857	0	0	0	1
2.68	3.101784145	-0.9296700577	0	-0.4644217255	-0.8856141716	0	0.8856141716	-0.4644217255	0	0	0	1
2.69	3.098141615	-0.9388698492	0	-0.4272415161	-0.9041375376	0	0.9041375376	-0.4272415161	0	0	0	1
2.7	3.095160422	-0.9486587562	0	-0.388616866	-0.9213994419	0	0.9213994419	-0.388616866	0	0	0	1
2.71	3.09418155	-0.958965581	0	-0.352493882	-0.9358141179	0	0.9358141179	-0.352493882	0	0	0	1
2.72	3.094174149	-0.968331818	0	-0.3124152951	-0.9499456213	0	0.9499456213	-0.3124152951	0	0	0	1
2.73	3.094182454	-0.9768587704	0	-0.2686090155	-0.9632492911	0	0.9632492911	-0.2686090155	0	0	0	1
2.74	3.094186592	-0.9847670417	0	-0.2256631386	-0.9742053931	0	0.9742053931	-0.2256631386	0	0	0	1
2.75	3.094178591	-0.9918824369	0	-0.1840864374	-0.9829100587	0	0.9829100587	-0.1840864374	0	0	0	1
2.76	3.094138797	-0.9977259515	0	-0.1711140297	-0.9852512313	0	0.9852512313	-0.1711140297	0	0	0	1
2.77	3.094050631	-1.001896641	0	-0.1607250529	-0.9869992185	0	0.9869992185	-0.1607250529	0	0	0	1
2.78	3.093908667	-1.003701098	0	-0.1439974882	-0.9895780532	0	0.9895780532	-0.1439974882	0	0	0	1
2.79	3.093731661	-1.003148688	0	-0.1221826666	-0.9925076302	0	0.9925076302	-0.1221826666	0	0	0	1
2.8	3.093527852	-1.000696785	0	-0.09744561522	-0.9952408513	0	0.9952408513	-0.09744561522	0	0	0	1
2.81	3.093321665	-0.9968751506	0	-0.071466096	-0.9974430295	0	0.9974430295	-0.071466096	0	0	0	1
2.82	3.093147447	-0.9921438006	0	-0.04513944067	-0.998980696	0	0.998980696	-0.04513944067	0	0	0	1
2.83	3.093049211	-0.9869000498	0	-0.01891543381	-0.9998210872	0	0.9998210872	-0.01891543381	0	0	0	1
2.84	3.093083069	-0.9814360034	0	0.007112629071	-0.9999747049	0	0.9999747049	0.007112629071	0	0	0	1
2.85	3.093278365	-0.975775504	0	0.03373674306	-0.9994307541	0	0.9994307541	0.03373674306	0	0	0	1
2.86	3.093655335	-0.9700061451	0	0.06084413697	-0.9981472792	0	0.9981472792	0.06084413697	0	0	0	1
2.87	3.094203697	-0.9642392685	0	0.08772055473	-0.9961451221	0	0.9961451221	0.08772055473	0	0	0	1
2.88	3.094900652	-0.9585196	0	0.1139344047	-0.9934882744	0	0.9934882744	0.1139344047	0	0	0	1
2.89	3.095730886	-0.9528444867	0	0.139484565	-0.9902242454	0	0.9902242454	0.139484565	0	0	0	1
2.9	3.096689442	-0.9472036902	0	0.1645530783	-0.9863682296	0	0.9863682296	0.1645530783	0	0	0	1
2.91	3.097777202	-0.9415939829	0	0.1893234852	-0.9819147712	0	0.9819147712	0.1893234852	0	0	0	1
2.92	3.098999165	-0.936015266	0	0.2139568787	-0.9768431062	0	0.9768431062	0.2139568787	0	0	0	1
2.93	3.10036577	-0.9304627808	0	0.2386249526	-0.971111802	0	0.971111802	0.2386249526	0	0	0	1
2.94	3.101893781	-0.9249218373	0	0.2635199042	-0.9646539587	0	0.9646539587	0.2635199042	0	0	0	1
2.95	3.103604452	-0.9193678233	0	0.2888213145	-0.9573830207	0	0.9573830207	0.2888213145	0	0	0	1
2.96	3.105519076	-0.9137719705	0	0.3146434328	-0.94920994	0	0.94920994	0.3146434328	0	0	0	1
2.97	3.107653584	-0.9081097258	0	0.3409937582	-0.9400655599	0	0.9400655599	0.3409937582	0	0	0	1
2.98	3.110014316	-0.9023672851	0	0.3677649423	-0.9299187853	0	0.9299187853	0.3677649423	0	0	0	1
2.99	3.112596578	-0.8965436115	0	0.3947614568	-0.9187836482	0	0.9187836482	0.3947614568	0	0	0	1
3	3.11538575	-0.8906494403	0	0.4217422911	-0.9067157437	0	0.9067157437	0.4217422911	0	0	0	1
3.01	3.118359441	-0.8847060092	0	0.4484573496	-0.8938042323	0	0.8938042323	0.4484573496	0	0	0	1
3.02	3.121489252	-0.8787450078	0	0.4746672985	-0.8801653002	0	0.8801653002	0.4746672985	0	0	0	1
3.03	3.124741837	-0.8728089689	0	0.5001510463	-0.8659381796	0	0.8659381796	0.5001510463	0	0	0	1
3.04	3.128080306	-0.8669502778	0	0.5247132906	-0.8512790158	0	0.8512790158	0.5247132906	0	0	0	1
3.05	3.131467462	-0.8612271129	0	0.548200644	-0.8363468502	0	0.8363468502	0.548200644	0	0	0	1
3.06	3.134871012	-0.8556964239	0	0.5705234688	-0.8212812987	0	0.8212812987	0.5705234688	0	0	0	1
3.07	3.138269938	-0.850405156	0	0.5916764634	-0.806175516	0	0.806175516	0.5916764634	0	0	0	1
3.08	3.141660716	-0.8453813255	0	0.6117514794	-0.7910500158	0	0.7910500158	0.6117514794	0	0	0	1
3.09	3.14506087	-0.8406277503	0	0.6309321004	-0.7758380532	0	0.7758380532	0.6309321004	0	0	0	1
3.1	3.148507264	-0.8361212799	0	0.6494636601	-0.7603926316	0	0.7603926316	0.6494636601	0	0	0	1
3.11	3.152047717	-0.8318165081	0	0.6675989078	-0.7445211201	0	0.7445211201	0.6675989078	0	0	0	1
3.12	3.155729255	-0.8276530015	0	0.6855406031	-0.7280343959	0	0.7280343959	0.6855406031	0	0	0	1
3.13	3.159586729	-0.8235615578	0	0.7034001072	-0.7107941257	0	0.7107941257	0.7034001072	0	0	0	1
3.14	3.163633054	-0.8194723038	0	0.7211729114	-0.6927551024	0	0.6927551024	0.7211729114	0	0	0	1
3.15	3.167852261	-0.8153237238	0	0.7387336914	-0.6739974282	0	0.6739974282	0.7387336914	0	0	0	1
3.16	3.172196008	-0.811072136	0	0.7558493092	-0.654745616	0	0.654745616	0.7558493092	0	0	0	1
3.17	3.176583428	-0.806700461	0	0.7722042098	-0.6353744238	0	0.6353744238	0.7722042098	0	0	0	1
3.18	3.180906864	-0.8022258053	0	0.7874376732	-0.616394282	0	0.616394282	0.7874376732	0	0	0	1
3.19	3.185044578	-0.797704308	0	0.8011832124	-0.5984191342	0	0.5984191342	0.8011832124	0	0	0	1
3.2	3.188885573	-0.7932360186	0	0.8130907381	-0.5821369698	0	0.5821369698	0.8130907381	0	0	0	1
3.21	3.19242781	-0.7890342846	0	0.8225496438	-0.5686933123	0	0.5686933123	0.8225496438	0	0	0	1
3.22	3.196392004	-0.7858927942	0	0.827424689	-0.5615766947	0	0.5615766947	0.827424689	0	0	0	1
3.23	3.201133323	-0.7838781102	0	0.8288891344	-0.5594129092	0	0.5594129092	0.8288891344	0	0	0	1
3.24	3.20635499	-0.7825464714	0	0.8286782365	-0.5597252721	0	0.5597252721	0.8286782365	0	0	0	1
3.25	3.211781901	-0.781644246	0	0.8274712636	-0.5615080657	0	0.5615080657	0.8274712636	0	0	0	1
3.26	3.217206931	-0.780988491	0	0.8257346972	-0.5640586936	0	0.5640586936	0.8257346972	0	0	0	1
3.27	3.222511934	-0.7804090165	0	0.8240100734	-0.5665751485	0	0.5665751485	0.8240100734	0	0	0	1
3.28	3.227673179	-0.779776225	0	0.8228244468	-0.5682956359	0	0.5682956359	0.8228244468	0	0	0	1
3.29	3.23272704	-0.7790149992	0	0.8225834013	-0.5686444829	0	0.5686444829	0.8225834013	0	0	0	1
3.3	3.23788357	-0.7780595175	0	0.8242490533	-0.5662274262	0	0.5662274262	0.8242490533	0	0	0	1
3.31	3.243451865	-0.7772831994	0	0.8249638712	-0.5651854661	0	0.5651854661	0.8249638712	0	0	0	1
3.32	3.250152916	-0.7764042795	0	0.8240715332	-0.5664857529	0	0.5664857529	0.8240715332	0	0	0	1
3.33	3.258430425	-0.7745733361	0	0.8240438828	-0.566525974	0	0.566525974	0.8240438828	0	0	0	1
3.34	3.268586682	-0.772052297	0	0.8242113915	-0.566282246	0	0.566282246	0.8242113915	0	0	0	1
3.35	3.281055981	-0.7694035987	0	0.8229669682	-0.5680892264	0	0.5680892264	0.8229669682	0	0	0	1
3.36	3.296078249	-0.7675407771	0	0.818420272	-0.5746200992	0	0.5746200992	0.818420272	0	0	0	1
3.37	3.313238725	-0.7672079588	0	0.8093761578	-0.5872905883	0	0.5872905883	0.8093761578	0	0	0	1
3.38	3.33194236	-0.7678738207	0	0.7965461188	-0.6045777705	0	0.6045777705	0.7965461188	0	0	0	1
3.39	3.351557652	-0.7683536185	0	0.7820042971	-0.6232730375	0	0.6232730375	0.7820042971	0	0	0	1
3.4	3.371482196	-0.7678245298	0	0.7676775587	-0.6408363019	0	0.6408363019	0.7676775587	0	0	0	1
3.41	3.391250314	-0.7662527707	0	0.7544120205	-0.6564011756	0	0.6564011756	0.7544120205	0	0	0	1
3.42	3.410623368	-0.7642052274	0	0.7419908038	-0.6704100589	0	0.6704100589	0.7419908038	0	0	0	1
3.43	3.429594898	-0.7624591935	0	0.7295793978	-0.6838961195	0	0.6838961195	0.7295793978	0	0	0	1
3.44	3.448335666	-0.7616191777	0	0.7160070773	-0.6980930205	0	0.6980930205	0.7160070773	0	0	0	1
3.45	3.467089572	-0.7618112817	0	0.7005306261	-0.7136223384	0	0.7136223384	0.7005306261	0	0	0	1
3.46	3.486106431	-0.7629265689	0	0.6828541546	-0.7305547232	0	0.7305547232	0.6828541546	0	0	0	1
3.47	3.505567929	-0.7649548774	0	0.6625989582	-0.7489743791	0	0.7489743791	0.6625989582	0	0	0	1
3.48	3.525550257	-0.7679767575	0	0.639260259	-0.7689904559	0	0.7689904559	0.639260259	0	0	0	1
3.49	3.546025129	-0.7719864341	0	0.6125285029	-0.7904485013	0	0.7904485013	0.6125285029	0	0	0	1
3.5	3.566875506	-0.7768032705	0	0.58252145	-0.8128153298	0	0.8128153298	0.58252145	0	0	0	1
3.51	3.587925476	-0.7821333352	0	0.5497174002	-0.8353506927	0	0.8353506927	0.5497174002	0	0	0	1
3.52	3.608991545	-0.787703442	0	0.5146616299	-0.8573933792	0	0.8573933792	0.5146616299	0	0	0	1
3.53	3.629944936	-0.7933655267	0	0.4776614884	-0.8785439673	0	0.8785439673	0.4776614884	0	0	0	1
3.54	3.650759926	-0.7991209078	0	0.4386453705	-0.8986602467	0	0.8986602467	0.4386453705	0	0	0	1
3.55	3.671524023	-0.8050691767	0	0.3972411747	-0.9177142524	0	0.9177142524	0.3972411747	0	0	0	1
3.56	3.692411184	-0.8113293678	0	0.3529833987	-0.935629585	0	0.935629585	0.3529833987	0	0	0	1
3.57	3.713637898	-0.8179801776	0	0.3055179948	-0.9521863026	0	0.9521863026	0.3055179948	0	0	0	1
3.58	3.735428089	-0.825041243	0	0.2547149491	-0.9670161812	0	0.9670161812	0.2547149491	0	0	0	1
3.59	3.757993924	-0.8324800747	0	0.2006981976	-0.979653119	0	0.979653119	0.2006981976	0	0	0	1
3.6	3.781532997	-0.8402242627	0	0.1438287723	-0.9896025891	0	0.9896025891	0.1438287723	0	0	0	1
3.61	3.806229478	-0.8481629728	0	0.08467230163	-0.9964088525	0	0.9964088525	0.08467230163	0	0	0	1
3.62	3.832253814	-0.8561413782	0	0.02394644456	-0.9997132428	0	0.9997132428	0.02394644456	0	0	0	1
3.63	3.859757314	-0.8639557038	0	-0.03754840675	-0.9992948099	0	0.9992948099	-0.03754840675	0	0	0	1
3.64	3.888852842	-0.8713502441	0	-0.09901593053	-0.9950858483	0	0.9950858483	-0.09901593053	0	0	0	1
3.65	3.919580482	-0.8780227618	0	-0.1597158234	-0.987163034	0	0.987163034	-0.1597158234	0	0	0	1
3.66	3.951861641	-0.8836470869	0	-0.2189784904	-0.9757296863	0	0.9757296863	-0.2189784904	0	0	0	1
3.67	3.985462881	-0.8879229118	0	-0.2762067512	-0.9610982419	0	0.9610982419	-0.2762067512	0	0	0	1
3.68	4.019993149	-0.8906417566	0	-0.3308898655	-0.943669379	0	0.943669379	-0.3308898655	0	0	0	1
3.69	4.054931866	-0.8917364492	0	-0.3826047147	-0.9239121345	0	0.9239121345	-0.3826047147	0	0	0	1
3.7	4.08966075	-0.8912946614	0	-0.4309543562	-0.9023737268	0	0.9023737268	-0.4309543562	0	0	0	1
3.71	4.123486974	-0.889551456	0	-0.4754654508	-0.8797343946	0	0.8797343946	-0.4754654508	0	0	0	1
3.72	4.155691483	-0.8868751107	0	-0.5155713856	-0.8568466294	0	0.8568466294	-0.5155713856	0	0	0	1
3.73	4.185587748	-0.8837348299	0	-0.5506783401	-0.8347175365	0	0.8347175365	-0.5506783401	0	0	0	1
3.74	4.212575174	-0.8806489187	0	-0.5802327501	-0.8144507079	0	0.8144507079	-0.5802327501	0	0	0	1
3.75	4.236176243	-0.8781244496	0	-0.6037605164	-0.7971657537	0	0.7971657537	-0.6037605164	0	0	0	1
3.76	4.256069311	-0.8765961397	0	-0.6209154066	-0.7838775783	0	0.7838775783	-0.6209154066	0	0	0	1
3.77	4.272109509	-0.8763753951	0	-0.6315189647	-0.7753604305	0	0.7753604305	-0.6315189647	0	0	0	1
3.78	4.284336138	-0.8776222557	0	-0.6355769025	-0.7720375645	0	0.7720375645	-0.6355769025	0	0	0	1
3.79	4.292965151	-0.8803476913	0	-0.6332768789	-0.773925316	0	0.773925316	-0.6332768789	0	0	0	1
3.8	4.298366031	-0.8844440297	0	-0.6249776752	-0.7806426234	0	0.7806426234	-0.6249776752	0	0	0	1
3.81	4.301017702	-0.8897290428	0	-0.6111737497	-0.7914964609	0	0.7914964609	-0.6111737497	0	0	0	1
3.82	4.301460883	-0.8959524377	0	-0.5924689466	-0.805593289	0	0.805593289	-0.5924689466	0	0	0	1
3.83	4.300301304	-0.902869611	0	-0.5698252926	-0.8217658644	0	0.8217658644	-0.5698252926	0	0	0	1
3.84	4.297974943	-0.9103621853	0	-0.5437527282	-0.8392454769	0	0.8392454769	-0.5437527282	0	0	0	1
3.85	4.294749543	-0.9183842497	0	-0.5141294514	-0.8577126017	0	0.8577126017	-0.5141294514	0	0	0	1
3.86	4.29094911	-0.9269058525	0	-0.4810274141	-0.8767055531	0	0.8767055531	-0.4810274141	0	0	0	1
3.87	4.287013622	-0.9359259319	0	-0.4450312889	-0.8955150205	0	0.8955150205	-0.4450312889	0	0	0	1
3.88	4.283415409	-0.9454909723	0	-0.407024779	-0.9134171168	0	0.9134171168	-0.407024779	0	0	0	1
3.89	4.281143014	-0.955681152	0	-0.369998616	-0.9290323052	0	0.9290323052	-0.369998616	0	0	0	1
3.9	4.281123571	-0.9654182573	0	-0.3335923741	-0.9427174168	0	0.9427174168	-0.3335923741	0	0	0	1
3.91	4.281126371	-0.9741252256	0	-0.2913621282	-0.9566128319	0	0.9566128319	-0.2913621282	0	0	0	1
3.92	4.28113159	-0.9821630607	0	-0.2487725154	-0.968561942	0	0.968561942	-0.2487725154	0	0	0	1
3.93	4.281126401	-0.9894875233	0	-0.2076242035	-0.9782086639	0	0.9782086639	-0.2076242035	0	0	0	1
3.94	4.281098742	-0.9957300368	0	-0.1780671421	-0.9840183397	0	0.9840183397	-0.1780671421	0	0	0	1
3.95	4.281037626	-1.000543631	0	-0.1700188913	-0.9854408032	0	0.9854408032	-0.1700188913	0	0	0	1
3.96	4.280916815	-1.003302448	0	-0.1561316024	-0.9877362617	0	0.9877362617	-0.1561316024	0	0	0	1
3.97	4.280756336	-1.003675778	0	-0.1363452552	-0.9906613808	0	0.9906613808	-0.1363452552	0	0	0	1
3.98	4.280563683	-1.001967455	0	-0.1125939608	-0.9936410821	0	0.9936410821	-0.1125939608	0	0	0	1
3.99	4.280351173	-0.9987073964	0	-0.08693373601	-0.9962140962	0	0.9962140962	-0.08693373601	0	0	0	1
4	4.280151442	-0.9943875599	0	-0.06063930451	-0.9981597441	0	0.9981597441	-0.06063930451	0	0	0	1
4.01	4.280002988	-0.9894195304	0	-0.03434807692	-0.9994099307	0	0.9994099307	-0.03434807692	0	0	0	1
4.02	4.279959199	-0.9841552223	0	-0.00843338942	-0.9999644383	0	0.9999644383	-0.00843338942	0	0	0	1
4.03	4.280059645	-0.9787385593	0	0.01747359584	-0.9998473251	0	0.9998473251	0.01747359584	0	0	0	1
4.04	4.280327383	-0.97318428	0	0.04389938819	-0.9990359572	0	0.9990359572	0.04389938819	0	0	0	1
4.05	4.280765413	-0.9676059903	0	0.0703402286	-0.9975230585	0	0.9975230585	0.0703402286	0	0	0	1
4.06	4.281353031	-0.9620818854	0	0.09618840416	-0.9953631452	0	0.9953631452	0.09618840416	0	0	0	1
4.07	4.282069273	-0.9566227823	0	0.1212745173	-0.9926190062	0	0.9926190062	0.1212745173	0	0	0	1
4.08	4.282904746	-0.9512114414	0	0.1457577095	-0.9893203172	0	0.9893203172	0.1457577095	0	0	0	1
4.09	4.283859079	-0.9458332993	0	0.1698694002	-0.9854665833	0	0.9854665833	0.1698694002	0	0	0	1
4.1	4.284936683	-0.9404810602	0	0.19380685	-0.9810397061	0	0.9810397061	0.19380685	0	0	0	1
4.11	4.286146314	-0.9351479646	0	0.2177476365	-0.9760051059	0	0.9760051059	0.2177476365	0	0	0	1
4.12	4.287502205	-0.9298209848	0	0.2418782514	-0.9703066069	0	0.9703066069	0.2418782514	0	0	0	1
4.13	4.289023687	-0.9244778634	0	0.2663859877	-0.9638664355	0	0.9638664355	0.2663859877	0	0	0	1
