0	0.230361185	-0.810170676	0	-0.6845775371	-0.7289400494	0	0.7289400494	-0.6845775371	0	0	0	1
0.01	0.2466644946	-0.8115379331	0	-0.6836647259	-0.7297962336	0	0.7297962336	-0.6836647259	0	0	0	1
0.02	0.2581912394	-0.8155336268	0	-0.6695068176	-0.7428059109	0	0.7428059109	-0.6695068176	0	0	0	1
0.03	0.2661588649	-0.8215123685	0	-0.6456621887	-0.763623165	0	0.763623165	-0.6456621887	0	0	0	1
0.04	0.2715692736	-0.8287400289	0	-0.6129382534	-0.7901308104	0	0.7901308104	-0.6129382534	0	0	0	1
0.05	0.2762780337	-0.8364159607	0	-0.5743328268	-0.8186218932	0	0.8186218932	-0.5743328268	0	0	0	1
0.06	0.2823194362	-0.8441187184	0	-0.5341778705	-0.845372109	0	0.845372109	-0.5341778705	0	0	0	1
0.07	0.2910683935	-0.8518753251	0	-0.495839899	-0.8684139534	0	0.8684139534	-0.495839899	0	0	0	1
0.08	0.3030155544	-0.8599503848	0	-0.4610884263	-0.8873541926	0	0.8873541926	-0.4610884263	0	0	0	1
0.09	0.3178660585	-0.868658389	0	-0.4302797552	-0.9026955922	0	0.9026955922	-0.4302797552	0	0	0	1
0.1	0.3347435676	-0.8782660868	0	-0.402646676	-0.9153554797	0	0.9153554797	-0.402646676	0	0	0	1
0.11	0.3524592828	-0.8889650113	0	-0.3767222855	-0.926326249	0	0.926326249	-0.3767222855	0	0	0	1
0.12	0.369787868	-0.9008783355	0	-0.3508620328	-0.9364271643	0	0.9364271643	-0.3508620328	0	0	0	1
0.13	0.3856767877	-0.914068395	0	-0.3236742634	-0.9461685744	0	0.9461685744	-0.3236742634	0	0	0	1
0.14	0.3993518836	-0.9285363208	0	-0.2942293578	-0.9557348403	0	0.9557348403	-0.2942293578	0	0	0	1
0.15	0.4103256733	-0.9442240509	0	-0.262042643	-0.9650562954	0	0.9650562954	-0.262042643	0	0	0	1
0.16	0.415877604	-0.9605801144	0	-0.2179390095	-0.9759623907	0	0.9759623907	-0.2179390095	0	0	0	1
0.17	0.4158867603	-0.9751977003	0	-0.1598914671	-0.9871346001	0	0.9871346001	-0.1598914671	0	0	0	1
0.18	0.4159353043	-0.9885225639	0	-0.1313834388	-0.9913316256	0	0.9913316256	-0.1313834388	0	0	0	1
0.19	0.4160063759	-0.999472945	0	-0.1319880037	-0.9912513137	0	0.9912513137	-0.1319880037	0	0	0	1
0.2	0.4159598701	-1.005921776	0	-0.1221761848	-0.9925084281	0	0.9925084281	-0.1221761848	0	0	0	1
0.21	0.4158234113	-1.007447006	0	-0.1011000808	-0.9948762605	0	0.9948762605	-0.1011000808	0	0	0	1
0.22	0.4156338309	-1.004914077	0	-0.07064788223	-0.9975013167	0	0.9975013167	-0.07064788223	0	0	0	1
0.23	0.4154782911	-0.999694684	0	-0.03475468866	-0.9993958733	0	0.9993958733	-0.03475468866	0	0	0	1
0.24	0.4155051069	-0.9929155669	0	0.003027450675	-0.9999954173	0	0.9999954173	0.003027450675	0	0	0	1
0.25	0.4158572665	-0.9851548669	0	0.04194159855	-0.999120064	0	0.999120064	0.04194159855	0	0	0	1
0.26	0.4166185016	-0.9762664659	0	0.08429681657	-0.996440689	0	0.996440689	0.08429681657	0	0	0	1
0.27	0.4179254378	-0.9661137834	0	0.1308344649	-0.9914042278	0	0.9914042278	0.1308344649	0	0	0	1
0.28	0.4198825303	-0.9547974246	0	0.1805802147	-0.9835602605	0	0.9835602605	0.1805802147	0	0	0	1
0.29	0.4225181329	-0.9425640436	0	0.2317798932	-0.9727682566	0	0.9727682566	0.2317798932	0	0	0	1
0.3	0.425780984	-0.9297231811	0	0.2826119543	-0.9592343214	0	0.9592343214	0.2826119543	0	0	0	1
0.31	0.4295560888	-0.9166130547	0	0.3315057819	-0.9434531873	0	0.9434531873	0.3315057819	0	0	0	1
0.32	0.4336834739	-0.9035937138	0	0.3771957525	-0.9261335564	0	0.9261335564	0.3771957525	0	0	0	1
0.33	0.437981542	-0.8910254833	0	0.4187417469	-0.9081053625	0	0.9081053625	0.4187417469	0	0	0	1
0.34	0.4422857387	-0.8792279224	0	0.455595429	-0.8901869495	0	0.8901869495	0.455595429	0	0	0	1
0.35	0.446534838	-0.8684573437	0	0.4875318683	-0.8731051926	0	0.8731051926	0.4875318683	0	0	0	1
0.36	0.4511745496	-0.8590265065	0	0.5133827367	-0.8581597553	0	0.8581597553	0.5133827367	0	0	0	1
0.37	0.4560995791	-0.8508567723	0	0.5347601987	-0.8450038639	0	0.8450038639	0.5347601987	0	0	0	1
0.38	0.4608039216	-0.8436546738	0	0.5548358574	-0.8319598375	0	0.8319598375	0.5548358574	0	0	0	1
0.39	0.4650693864	-0.8372822637	0	0.5748846011	-0.8182344991	0	0.8182344991	0.5748846011	0	0	0	1
0.4	0.4687742884	-0.8316579827	0	0.5951349107	-0.8036258072	0	0.8036258072	0.5951349107	0	0	0	1
0.41	0.4721383734	-0.8268126812	0	0.6144032623	-0.7889921618	0	0.7889921618	0.6144032623	0	0	0	1
0.42	0.4755023569	-0.8226887112	0	0.6327509238	-0.774355389	0	0.774355389	0.6327509238	0	0	0	1
0.43	0.47894095	-0.8191387954	0	0.6505885685	-0.7594303882	0	0.7594303882	0.6505885685	0	0	0	1
0.44	0.4824643034	-0.8160320559	0	0.6679833043	-0.7441762594	0	0.7441762594	0.6679833043	0	0	0	1
0.45	0.4860290695	-0.8132533011	0	0.6847554624	-0.7287729116	0	0.7287729116	0.6847554624	0	0	0	1
0.46	0.489565955	-0.8106991904	0	0.7006405943	-0.7135143709	0	0.7135143709	0.7006405943	0	0	0	1
0.47	0.4929994797	-0.8082781623	0	0.7153869055	-0.6987285421	0	0.6987285421	0.7153869055	0	0	0	1
0.48	0.4962556916	-0.8059138263	0	0.7287824293	-0.6847453328	0	0.6847453328	0.7287824293	0	0	0	1
0.49	0.4992653034	-0.8035495835	0	0.7406548795	-0.671885667	0	0.671885667	0.7406548795	0	0	0	1
0.5	0.5019683519	-0.8011524798	0	0.7508715629	-0.6604482538	0	0.6604482538	0.7508715629	0	0	0	1
0.51	0.5043251433	-0.7987158169	0	0.7593445249	-0.6506887831	0	0.6506887831	0.7593445249	0	0	0	1
0.52	0.506342321	-0.7962683725	0	0.7660006839	-0.6428397563	0	0.6428397563	0.7660006839	0	0	0	1
0.53	0.50825185	-0.7940174034	0	0.7701997094	-0.6378027968	0	0.6378027968	0.7701997094	0	0	0	1
0.54	0.5106067137	-0.7922911252	0	0.7713419266	-0.6364209553	0	0.6364209553	0.7713419266	0	0	0	1
0.55	0.5131490347	-0.7905554564	0	0.7716151471	-0.6360896673	0	0.6360896673	0.7716151471	0	0	0	1
0.56	0.515577163	-0.7884218065	0	0.7723579506	-0.6351875283	0	0.6351875283	0.7723579506	0	0	0	1
0.57	0.5177868338	-0.7857809635	0	0.7741551238	-0.6329959275	0	0.6329959275	0.7741551238	0	0	0	1
0.58	0.5198469584	-0.7826574466	0	0.7774189904	-0.6289830788	0	0.6289830788	0.7774189904	0	0	0	1
0.59	0.5220148429	-0.7792490395	0	0.7823041242	-0.6228966666	0	0.6228966666	0.7823041242	0	0	0	1
0.6	0.5247236544	-0.7759981622	0	0.7885391402	-0.6149845724	0	0.6149845724	0.7885391402	0	0	0	1
0.61	0.5288666909	-0.7733722929	0	0.7943416435	-0.6074712779	0	0.6074712779	0.7943416435	0	0	0	1
0.62	0.5350920449	-0.7714578489	0	0.7981798397	-0.6024192424	0	0.6024192424	0.7981798397	0	0	0	1
0.63	0.5439556039	-0.769922554	0	0.8009130568	-0.5987806572	0	0.5987806572	0.8009130568	0	0	0	1
0.64	0.5563386244	-0.7690871147	0	0.8009572898	-0.5987214878	0	0.5987214878	0.8009572898	0	0	0	1
0.65	0.5727863137	-0.7696614358	0	0.7949569211	-0.606665883	0	0.606665883	0.7949569211	0	0	0	1
0.66	0.5929847165	-0.7721675857	0	0.7815564392	-0.6238345393	0	0.6238345393	0.7815564392	0	0	0	1
0.67	0.6162657517	-0.7763481316	0	0.7607259914	-0.6490731592	0	0.6490731592	0.7607259914	0	0	0	1
0.68	0.6418188017	-0.7811841628	0	0.7340006173	-0.6791488009	0	0.6791488009	0.7340006173	0	0	0	1
0.69	0.6688211002	-0.7856715085	0	0.7035269869	-0.7106685435	0	0.7106685435	0.7035269869	0	0	0	1
0.7	0.6966099052	-0.7895098055	0	0.670723038	-0.7417078983	0	0.7417078983	0.670723038	0	0	0	1
0.71	0.7248727824	-0.7931813991	0	0.6355537763	-0.7720566025	0	0.7720566025	0.6355537763	0	0	0	1
0.72	0.7537608399	-0.7975041621	0	0.596401811	-0.8026860407	0	0.8026860407	0.596401811	0	0	0	1
0.73	0.7836969336	-0.8029538461	0	0.551347888	-0.8342754379	0	0.8342754379	0.551347888	0	0	0	1
0.74	0.8151170543	-0.8094833914	0	0.4993787287	-0.866383798	0	0.866383798	0.4993787287	0	0	0	1
0.75	0.8483458192	-0.8168045892	0	0.440154422	-0.8979220928	0	0.8979220928	0.440154422	0	0	0	1
0.76	0.8835403252	-0.8246075994	0	0.3737817134	-0.927516701	0	0.927516701	0.3737817134	0	0	0	1
0.77	0.9206664076	-0.8325716794	0	0.3009385001	-0.9536435493	0	0.9536435493	0.3009385001	0	0	0	1
0.78	0.9594951306	-0.8403157251	0	0.2230663678	-0.9748032599	0	0.9748032599	0.2230663678	0	0	0	1
0.79	0.9996471095	-0.8474359618	0	0.1422499799	-0.9898307649	0	0.9898307649	0.1422499799	0	0	0	1
0.8	1.040690502	-0.8536114705	0	0.06076592312	-0.9981520438	0	0.9981520438	0.06076592312	0	0	0	1
0.81	1.082259681	-0.8586730888	0	-0.01944033295	-0.9998110189	0	0.9998110189	-0.01944033295	0	0	0	1
0.82	1.124120626	-0.8625782036	0	-0.09701862021	-0.9952825666	0	0.9952825666	-0.09701862021	0	0	0	1
0.83	1.166162895	-0.8653318791	0	-0.1712038906	-0.9852356205	0	0.9852356205	-0.1712038906	0	0	0	1
0.84	1.20833721	-0.8669218961	0	-0.2416536605	-0.9703625654	0	0.9703625654	-0.2416536605	0	0	0	1
0.85	1.250576897	-0.8672964792	0	-0.3082731889	-0.9512978719	0	0.9512978719	-0.3082731889	0	0	0	1
0.86	1.292724644	-0.8663787998	0	-0.3710590493	-0.928609273	0	0.928609273	-0.3710590493	0	0	0	1
0.87	1.33447734	-0.8641052912	0	-0.4299688655	-0.9028437156	0	0.9028437156	-0.4299688655	0	0	0	1
0.88	1.375360384	-0.8604791184	0	-0.4848348167	-0.87460574	0	0.87460574	-0.4848348167	0	0	0	1
0.89	1.414742127	-0.8556261952	0	-0.535338585	-0.844637555	0	0.844637555	-0.535338585	0	0	0	1
0.9	1.451883032	-0.8498350892	0	-0.581040116	-0.8138749189	0	0.8138749189	-0.581040116	0	0	0	1
0.91	1.486007747	-0.8435650616	0	-0.6214388085	-0.7834627032	0	0.7834627032	-0.6214388085	0	0	0	1
0.92	1.516377564	-0.8374160631	0	-0.6560376671	-0.7547281493	0	0.7547281493	-0.6560376671	0	0	0	1
0.93	1.542356146	-0.832063409	0	-0.684401141	-0.7291056702	0	0.7291056702	-0.684401141	0	0	0	1
0.94	1.563456699	-0.828168664	0	-0.7061931537	-0.7080192297	0	0.7080192297	-0.7061931537	0	0	0	1
0.95	1.579366341	-0.8262852713	0	-0.7211859416	-0.6927415374	0	0.6927415374	-0.7211859416	0	0	0	1
0.96	1.589957392	-0.8267769847	0	-0.7292525272	-0.6842446577	0	0.6842446577	-0.7292525272	0	0	0	1
0.97	1.595287117	-0.8297679823	0	-0.7303450088	-0.6830784495	0	0.6830784495	-0.7303450088	0	0	0	1
0.98	1.595595321	-0.8351350399	0	-0.7244777547	-0.6892981815	0	0.6892981815	-0.7244777547	0	0	0	1
0.99	1.591298222	-0.8425441608	0	-0.7117249507	-0.7024582511	0	0.7024582511	-0.7117249507	0	0	0	1
1	1.582976947	-0.8515226839	0	-0.6922346079	-0.7216725349	0	0.7216725349	-0.6922346079	0	0	0	1
1.01	1.571352719	-0.8615495894	0	-0.6662531215	-0.7457256722	0	0.7457256722	-0.6662531215	0	0	0	1
1.02	1.55725301	-0.8721354498	0	-0.6341536937	-0.773207018	0	0.773207018	-0.6341536937	0	0	0	1
1.03	1.541566964	-0.8828786597	0	-0.5964965274	-0.8026156569	0	0.8026156569	-0.5964965274	0	0	0	1
1.04	1.525190573	-0.8935401327	0	-0.554034898	-0.8324934425	0	0.8324934425	-0.554034898	0	0	0	1
1.05	1.508946906	-0.9040512941	0	-0.5075235196	-0.8616379037	0	0.8616379037	-0.5075235196	0	0	0	1
1.06	1.493586343	-0.9144659579	0	-0.457757582	-0.8890770473	0	0.8890770473	-0.457757582	0	0	0	1
1.07	1.479857859	-0.9249258474	0	-0.4059250413	-0.9139063742	0	0.9139063742	-0.4059250413	0	0	0	1
1.08	1.468493786	-0.9356678265	0	-0.3537907624	-0.9353245942	0	0.9353245942	-0.3537907624	0	0	0	1
1.09	1.460061323	-0.9470068842	0	-0.3033617316	-0.9528754692	0	0.9528754692	-0.3033617316	0	0	0	1
1.1	1.456450882	-0.9592293709	0	-0.2612720147	-0.9652652145	0	0.9652652145	-0.2612720147	0	0	0	1
1.11	1.456420852	-0.9702455352	0	-0.2143253521	-0.976762327	0	0.976762327	-0.2143253521	0	0	0	1
1.12	1.456419009	-0.9802235215	0	-0.163729662	-0.9865052447	0	0.9865052447	-0.163729662	0	0	0	1
1.13	1.456420581	-0.9895891036	0	-0.1399326072	-0.9901610301	0	0.9901610301	-0.1399326072	0	0	0	1
1.14	1.456422914	-0.9976200824	0	-0.1377531795	-0.9904665878	0	0.9904665878	-0.1377531795	0	0	0	1
1.15	1.456344765	-1.002996177	0	-0.1289113023	-0.991656128	0	0.991656128	-0.1289113023	0	0	0	1
1.16	1.456207412	-1.005198122	0	-0.1138833563	-0.9934941274	0	0.9934941274	-0.1138833563	0	0	0	1
1.17	1.456029895	-1.004433588	0	-0.09405049485	-0.9955674284	0	0.9955674284	-0.09405049485	0	0	0	1
1.18	1.455824339	-1.001234105	0	-0.07062490918	-0.9975029435	0	0.9975029435	-0.07062490918	0	0	0	1
1.19	1.455609362	-0.9962673524	0	-0.04439584461	-0.9990140184	0	0.9990140184	-0.04439584461	0	0	0	1
1.2	1.455430424	-0.990224835	0	-0.01598923912	-0.9998721639	0	0.9998721639	-0.01598923912	0	0	0	1
1.21	1.455390487	-0.9836534041	0	0.01427304187	-0.9998981349	0	0.9998981349	0.01427304187	0	0	0	1
1.22	1.455598944	-0.9766573831	0	0.04716879971	-0.9988869327	0	0.9988869327	0.04716879971	0	0	0	1
1.23	1.456126481	-0.9692338531	0	0.08266293196	-0.9965775633	0	0.9965775633	0.08266293196	0	0	0	1
1.24	1.457019119	-0.9613928719	0	0.120176995	-0.9927524817	0	0.9927524817	0.120176995	0	0	0	1
1.25	1.458306126	-0.9531477047	0	0.1591355096	-0.9872567496	0	0.9872567496	0.1591355096	0	0	0	1
1.26	1.460006908	-0.9445186237	0	0.1990786327	-0.9799835192	0	0.9799835192	0.1990786327	0	0	0	1
1.27	1.462133905	-0.9355373178	0	0.2396348284	-0.9708630949	0	0.9708630949	0.2396348284	0	0	0	1
1.28	1.464692941	-0.9262494173	0	0.2804764875	-0.9598608962	0	0.9598608962	0.2804764875	0	0	0	1
1.29	1.467681919	-0.9167138352	0	0.3212851584	-0.9469824956	0	0.9469824956	0.3212851584	0	0	0	1
1.3	1.471087949	-0.9070025797	0	0.3617223636	-0.9322858637	0	0.9322858637	0.3617223636	0	0	0	1
1.31	1.474882892	-0.8972041413	0	0.4014045314	-0.9159008692	0	0.9159008692	0.4014045314	0	0	0	1
1.32	1.479017928	-0.8874301016	0	0.43988572	-0.8980537586	0	0.8980537586	0.43988572	0	0	0	1
1.33	1.483419481	-0.8778193748	0	0.4766637231	-0.8790857155	0	0.8790857155	0.4766637231	0	0	0	1
1.34	1.487990963	-0.8685327149	0	0.5112273811	-0.8594454984	0	0.8594454984	0.5112273811	0	0	0	1
1.35	1.492622969	-0.8597361707	0	0.5431385399	-0.8396430947	0	0.8396430947	0.5431385399	0	0	0	1
1.36	1.497210352	-0.8515775749	0	0.5721215098	-0.8201688716	0	0.8201688716	0.5721215098	0	0	0	1
1.37	1.501669739	-0.844163603	0	0.5981247814	-0.8014029859	0	0.8014029859	0.5981247814	0	0	0	1
1.38	1.505951289	-0.8375435291	0	0.6213335219	-0.7835462045	0	0.7835462045	0.6213335219	0	0	0	1
1.39	1.510041699	-0.831704959	0	0.6421239321	-0.7666008452	0	0.7666008452	0.6421239321	0	0	0	1
1.4	1.513960715	-0.826582424	0	0.6609725144	-0.7504101114	0	0.7504101114	0.6609725144	0	0	0	1
1.41	1.517751193	-0.822075314	0	0.6783506049	-0.7347383594	0	0.7347383594	0.6783506049	0	0	0	1
1.42	1.521462915	-0.8180667845	0	0.6946427049	-0.7193549281	0	0.7193549281	0.6946427049	0	0	0	1
1.43	1.525133258	-0.8144410293	0	0.7100915402	-0.7041093697	0	0.7041093697	0.7100915402	0	0	0	1
1.44	1.528770827	-0.8110980769	0	0.7247707265	-0.6889901262	0	0.6889901262	0.7247707265	0	0	0	1
1.45	1.532346825	-0.8079638211	0	0.7385898573	-0.6741550435	0	0.6741550435	0.7385898573	0	0	0	1
1.46	1.535795093	-0.8049953725	0	0.7513270587	-0.6599300348	0	0.6599300348	0.7513270587	0	0	0	1
1.47	1.539020611	-0.8021812631	0	0.7626806432	-0.6467752597	0	0.6467752597	0.7626806432	0	0	0	1
1.48	1.541915179	-0.799537486	0	0.7723264889	-0.6352257823	0	0.6352257823	0.7723264889	0	0	0	1
1.49	1.544380358	-0.797101098	0	0.7799674086	-0.6258201352	0	0.6258201352	0.7799674086	0	0	0	1
1.5	1.546375407	-0.7949412614	0	0.7852800725	-0.619140701	0	0.619140701	0.7852800725	0	0	0	1
1.51	1.549295174	-0.7942034738	0	0.7943931728	-0.6074038912	0	0.6074038912	0.7943931728	0	0	0	1
1.52	1.549904464	-0.7939098381	0	0.7957627135	-0.6056085401	0	0.6056085401	0.7957627135	0	0	0	1
1.53	1.549749021	-0.7938346743	0	0.7948241905	-0.6068397698	0	0.6068397698	0.7948241905	0	0	0	1
1.54	1.549004183	-0.7938317837	0	0.7921347249	-0.6103462768	0	0.6103462768	0.7921347249	0	0	0	1
1.55	1.547826348	-0.7937512909	0	0.7883524119	-0.6152239224	0	0.6152239224	0.7883524119	0	0	0	1
1.56	1.546438013	-0.7934062982	0	0.784742176	-0.6198223271	0	0.6198223271	0.784742176	0	0	0	1
1.57	1.544519619	-0.7920684195	0	0.784599881	-0.620002441	0	0.620002441	0.784599881	0	0	0	1
1.58	1.54104612	-0.7887982871	0	0.789749071	-0.6134300325	0	0.6134300325	0.789749071	0	0	0	1
1.59	1.535968776	-0.783737396	0	0.7975387325	-0.6032677434	0	0.6032677434	0.7975387325	0	0	0	1
1.6	1.529798707	-0.7771500317	0	0.8073225166	-0.5901104593	0	0.5901104593	0.8073225166	0	0	0	1
1.61	1.523219991	-0.7694024403	0	0.818643382	-0.5743021966	0	0.5743021966	0.818643382	0	0	0	1
1.62	1.517443903	-0.7616715364	0	0.8304475994	-0.5570967462	0	0.5570967462	0.8304475994	0	0	0	1
1.63	1.513018149	-0.7550124255	0	0.8383349884	-0.5451554341	0	0.5451554341	0.8383349884	0	0	0	1
1.64	1.51055122	-0.7465843232	0	0.8463701227	-0.5325951702	0	0.5325951702	0.8463701227	0	0	0	1
1.65	1.511518913	-0.7355163038	0	0.8558338226	-0.5172508753	0	0.5172508753	0.8558338226	0	0	0	1
1.66	1.516940326	-0.7242894471	0	0.8628768339	-0.5054142554	0	0.5054142554	0.8628768339	0	0	0	1
1.67	1.526689729	-0.7161924926	0	0.8634924778	-0.5043617162	0	0.5043617162	0.8634924778	0	0	0	1
1.68	1.540452193	-0.7127063792	0	0.8560995086	-0.516811021	0	0.516811021	0.8560995086	0	0	0	1
1.69	1.55797551	-0.7138879071	0	0.8405972412	-0.541660667	0	0.541660667	0.8405972412	0	0	0	1
1.7	1.578902822	-0.7191877106	0	0.8174405361	-0.5760129945	0	0.5760129945	0.8174405361	0	0	0	1
1.71	1.602633195	-0.727547346	0	0.788118264	-0.6155238435	0	0.6155238435	0.788118264	0	0	0	1
1.72	1.628333639	-0.7372573097	0	0.7557847464	-0.654820141	0	0.654820141	0.7557847464	0	0	0	1
1.73	1.655136873	-0.746330506	0	0.7241113117	-0.6896831217	0	0.6896831217	0.7241113117	0	0	0	1
1.74	1.682353059	-0.7532847472	0	0.6960004755	-0.7180413206	0	0.7180413206	0.6960004755	0	0	0	1
1.75	1.70968398	-0.7578537694	0	0.6722308445	-0.7403416048	0	0.7403416048	0.6722308445	0	0	0	1
1.76	1.737280406	-0.760931598	0	0.6509771943	-0.7590972879	0	0.7590972879	0.6509771943	0	0	0	1
1.77	1.765580535	-0.7638704404	0	0.6289722433	-0.7774277569	0	0.7774277569	0.6289722433	0	0	0	1
1.78	1.795053875	-0.7677729199	0	0.6030841771	-0.797677551	0	0.797677551	0.6030841771	0	0	0	1
1.79	1.825977983	-0.773142017	0	0.5712751458	-0.8207586173	0	0.8207586173	0.5712751458	0	0	0	1
1.8	1.858311357	-0.779901506	0	0.5327970429	-0.8462430567	0	0.8462430567	0.5327970429	0	0	0	1
1.81	1.89167487	-0.787617411	0	0.487959058	-0.8728665177	0	0.8728665177	0.487959058	0	0	0	1
1.82	1.925431065	-0.7957558721	0	0.4377459208	-0.8990987203	0	0.8990987203	0.4377459208	0	0	0	1
1.83	1.958833968	-0.8038837384	0	0.3834008189	-0.9235820549	0	0.9235820549	0.3834008189	0	0	0	1
1.84	1.991204819	-0.8117772665	0	0.3260324148	-0.9453585904	0	0.9453585904	0.3260324148	0	0	0	1
1.85	2.022087576	-0.8194420417	0	0.2663195997	-0.9638847809	0	0.9638847809	0.2663195997	0	0	0	1
1.86	2.051351074	-0.8270645685	0	0.2043958434	-0.978888318	0	0.978888318	0.2043958434	0	0	0	1
1.87	2.079218551	-0.8349204586	0	0.1399610561	-0.9901570091	0	0.9901570091	0.1399610561	0	0	0	1
1.88	2.106229002	-0.8432657693	0	0.07257371087	-0.9973630515	0	0.9973630515	0.07257371087	0	0	0	1
1.89	2.133153117	-0.8522302415	0	0.001994708793	-0.9999980106	0	0.9999980106	0.001994708793	0	0	0	1
1.9	2.160875321	-0.8617112003	0	-0.0715348868	-0.9974380983	0	0.9974380983	-0.0715348868	0	0	0	1
1.91	2.190223839	-0.871261702	0	-0.1471251924	-0.9891178786	0	0.9891178786	-0.1471251924	0	0	0	1
1.92	2.221685529	-0.8800013167	0	-0.2230813062	-0.9747998414	0	0.9747998414	-0.2230813062	0	0	0	1
1.93	2.255002028	-0.88672884	0	-0.2967451401	-0.954956712	0	0.954956712	-0.2967451401	0	0	0	1
1.94	2.288948972	-0.8904674242	0	-0.3646831893	-0.9311316617	0	0.9311316617	-0.3646831893	0	0	0	1
1.95	2.32185154	-0.8911778748	0	-0.4240411046	-0.9056429438	0	0.9056429438	-0.4240411046	0	0	0	1
1.96	2.352479817	-0.8897158498	0	-0.4742006686	-0.880416791	0	0.880416791	-0.4742006686	0	0	0	1
1.97	2.380068368	-0.8871398129	0	-0.515883048	-0.8566590225	0	0.8566590225	-0.515883048	0	0	0	1
1.98	2.403813153	-0.8844174227	0	-0.5488449846	-0.835924149	0	0.835924149	-0.5488449846	0	0	0	1
1.99	2.423096012	-0.8823940034	0	-0.5723246298	-0.8200271448	0	0.8200271448	-0.5723246298	0	0	0	1
2	2.437862652	-0.8816109705	0	-0.5865297976	-0.8099276489	0	0.8099276489	-0.5865297976	0	0	0	1
2.01	2.448502211	-0.8822528841	0	-0.5923381886	-0.8056894379	0	0.8056894379	-0.5923381886	0	0	0	1
2.02	2.455668526	-0.8842457153	0	-0.5907312672	-0.8068683721	0	0.8068683721	-0.5907312672	0	0	0	1
2.03	2.460222369	-0.8873666022	0	-0.5828594382	-0.8125729969	0	0.8125729969	-0.5828594382	0	0	0	1
2.04	2.463132753	-0.891359794	0	-0.5700444537	-0.8216138514	0	0.8216138514	-0.5700444537	0	0	0	1
2.05	2.465340383	-0.8960316419	0	-0.5536179446	-0.8327707796	0	0.8327707796	-0.5536179446	0	0	0	1
2.06	2.467638182	-0.9012874864	0	-0.534779586	-0.8449915943	0	0.8449915943	-0.534779586	0	0	0	1
2.07	2.470595393	-0.9070880459	0	-0.5145242272	-0.857475842	0	0.857475842	-0.5145242272	0	0	0	1
2.08	2.474560997	-0.9134499554	0	-0.4938075267	-0.8695712314	0	0.8695712314	-0.4938075267	0	0	0	1
2.09	2.479485952	-0.9204665657	0	-0.4726980214	-0.881224478	0	0.881224478	-0.4726980214	0	0	0	1
2.1	2.485048105	-0.9282317316	0	-0.4504380574	-0.8928076817	0	0.8928076817	-0.4504380574	0	0	0	1
2.11	2.490957397	-0.9368079268	0	-0.4264453902	-0.9045133107	0	0.9045133107	-0.4264453902	0	0	0	1
2.12	2.497061511	-0.9462408074	0	-0.4006424116	-0.9162344995	0	0.9162344995	-0.4006424116	0	0	0	1
2.13	2.502063458	-0.956402783	0	-0.3692487569	-0.9293305954	0	0.9293305954	-0.3692487569	0	0	0	1
2.14	2.502083802	-0.9658489611	0	-0.3261307648	-0.9453246661	0	0.9453246661	-0.3261307648	0	0	0	1
2.15	2.502100918	-0.974727956	0	-0.2838417331	-0.9588711439	0	0.9588711439	-0.2838417331	0	0	0	1
2.16	2.502105121	-0.9829870677	0	-0.2429620402	-0.9700357968	0	0.9700357968	-0.2429620402	0	0	0	1
2.17	2.502095916	-0.990315729	0	-0.2022225035	-0.9793396035	0	0.9793396035	-0.2022225035	0	0	0	1
2.18	2.502061712	-0.9963449554	0	-0.176383196	-0.9843215776	0	0.9843215776	-0.176383196	0	0	0	1
2.19	2.501987787	-1.000895883	0	-0.1672885219	-0.9859079827	0	0.9859079827	-0.1672885219	0	0	0	1
2.2	2.501855875	-1.003367433	0	-0.1521323995	-0.9883601232	0	0.9883601232	-0.1521323995	0	0	0	1
2.21	2.501685681	-1.00350038	0	-0.1313463523	-0.9913365401	0	0.9913365401	-0.1313463523	0	0	0	1
2.22	2.501482494	-1.001608652	0	-0.1067883501	-0.9942817751	0	0.9942817751	-0.1067883501	0	0	0	1
2.23	2.501264922	-0.9981959384	0	-0.08030188452	-0.9967705891	0	0.9967705891	-0.08030188452	0	0	0	1
2.24	2.50107272	-0.9937311983	0	-0.05307164312	-0.9985907073	0	0.9985907073	-0.05307164312	0	0	0	1
2.25	2.500953394	-0.98861869	0	-0.02579149934	-0.999667344	0	0.999667344	-0.02579149934	0	0	0	1
2.26	2.500967971	-0.9831968819	0	0.001124231177	-0.9999993681	0	0.9999993681	0.001124231177	0	0	0	1
2.27	2.501144722	-0.9775401486	0	0.02830030295	-0.9995994662	0	0.9995994662	0.02830030295	0	0	0	1
2.28	2.50150516	-0.9716949332	0	0.05602661547	-0.9984292756	0	0.9984292756	0.05602661547	0	0	0	1
2.29	2.502045175	-0.9657893778	0	0.08364944493	-0.9964952435	0	0.9964952435	0.08364944493	0	0	0	1
2.3	2.502741406	-0.9598922003	0	0.1106310637	-0.9938615436	0	0.9938615436	0.1106310637	0	0	0	1
2.31	2.50357638	-0.9540068964	0	0.1369322071	-0.9905804211	0	0.9905804211	0.1369322071	0	0	0	1
2.32	2.504546713	-0.9481193569	0	0.1627924932	-0.9866603287	0	0.9866603287	0.1627924932	0	0	0	1
2.33	2.505657949	-0.942224092	0	0.188468921	-0.9820791545	0	0.9820791545	0.188468921	0	0	0	1
2.34	2.506919872	-0.936323912	0	0.2141558602	-0.9767995022	0	0.9767995022	0.2141558602	0	0	0	1
2.35	2.508346086	-0.9304209001	0	0.2400134568	-0.970769561	0	0.970769561	0.2400134568	0	0	0	1
2.36	2.509954777	-0.924509105	0	0.2661961091	-0.9639188926	0	0.9639188926	0.2661961091	0	0	0	1
2.37	2.511767387	-0.918572738	0	0.2928381786	-0.9561620162	0	0.9561620162	0.2928381786	0	0	0	1
2.38	2.513804541	-0.9125910049	0	0.3200104978	-0.9474139968	0	0.9474139968	0.3200104978	0	0	0	1
2.39	2.516080558	-0.9065467692	0	0.3476795866	-0.9376134092	0	0.9376134092	0.3476795866	0	0	0	1
2.4	2.518598822	-0.9004340659	0	0.3756972488	-0.9267424547	0	0.9267424547	0.3756972488	0	0	0	1
2.41	2.521350044	-0.8942607728	0	0.403826942	-0.9148353955	0	0.9148353955	0.403826942	0	0	0	1
2.42	2.524313697	-0.8880472191	0	0.4317911561	-0.9019736124	0	0.9019736124	0.4317911561	0	0	0	1
2.43	2.52746096	-0.881823918	0	0.4593133452	-0.8882743106	0	0.8882743106	0.4593133452	0	0	0	1
2.44	2.530757311	-0.8756306429	0	0.4861407274	-0.8738805371	0	0.8738805371	0.4861407274	0	0	0	1
2.45	2.534164151	-0.8695164078	0	0.5120516646	-0.8589546512	0	0.8589546512	0.5120516646	0	0	0	1
2.46	2.537641039	-0.8635376204	0	0.5368640177	-0.8436687896	0	0.8436687896	0.5368640177	0	0	0	1
2.47	2.541149829	-0.8577528	0	0.5604518868	-0.8281869852	0	0.8281869852	0.5604518868	0	0	0	1
2.48	2.544660696	-0.8522145259	0	0.5827671655	-0.8126391763	0	0.8126391763	0.5827671655	0	0	0	1
2.49	2.548158786	-0.8469602755	0	0.6038565355	-0.7970930213	0	0.7970930213	0.6038565355	0	0	0	1
2.5	2.551649255	-0.8420047639	0	0.6238640858	-0.7815328544	0	0.7815328544	0.6238640858	0	0	0	1
2.51	2.555158572	-0.8373351562	0	0.6430146958	-0.7658538379	0	0.7658538379	0.6430146958	0	0	0	1
2.52	2.558729739	-0.8329131004	0	0.6615711847	-0.7498823692	0	0.7498823692	0.6615711847	0	0	0	1
2.53	2.56241231	-0.8286796757	0	0.6797787632	-0.7334172299	0	0.7334172299	0.6797787632	0	0	0	1
2.54	2.566250162	-0.8245627317	0	0.6978119714	-0.7162809872	0	0.7162809872	0.6978119714	0	0	0	1
2.55	2.57026999	-0.8204850446	0	0.7157376623	-0.6983692424	0	0.6983692424	0.7157376623	0	0	0	1
2.56	2.574472087	-0.8163735045	0	0.7334978944	-0.6796917234	0	0.6796917234	0.7334978944	0	0	0	1
2.57	2.57882428	-0.8121692442	0	0.7509125789	-0.6604016194	0	0.6604016194	0.7509125789	0	0	0	1
2.58	2.583259868	-0.8078378515	0	0.767699642	-0.6408098467	0	0.6408098467	0.767699642	0	0	0	1
2.59	2.587680125	-0.8033784612	0	0.7835070262	-0.6213829253	0	0.6213829253	0.7835070262	0	0	0	1
2.6	2.59196359	-0.7988311812	0	0.7979514715	-0.6027217013	0	0.6027217013	0.7979514715	0	0	0	1
2.61	2.595987272	-0.7942828982	0	0.8106508377	-0.5855298621	0	0.5855298621	0.8106508377	0	0	0	1
2.62	2.599691981	-0.7899024229	0	0.8211063796	-0.5707751864	0	0.5707751864	0.8211063796	0	0	0	1
2.63	2.603678869	-0.786443012	0	0.8270786313	-0.5620862369	0	0.5620862369	0.8270786313	0	0	0	1
2.64	2.608546288	-0.7842438632	0	0.8289527634	-0.5593186177	0	0.5593186177	0.8289527634	0	0	0	1
2.65	2.614017816	-0.7828386131	0	0.8287743605	-0.5595829335	0	0.5595829335	0.8287743605	0	0	0	1
2.66	2.619779728	-0.7819283394	0	0.8273976731	-0.5616164977	0	0.5616164977	0.8273976731	0	0	0	1
2.67	2.62558549	-0.7813152958	0	0.8253171788	-0.5646694204	0	0.5646694204	0.8253171788	0	0	0	1
2.68	2.63127309	-0.7808126387	0	0.8231039602	-0.5678907207	0	0.5678907207	0.8231039602	0	0	0	1
2.69	2.636784757	-0.7802695442	0	0.8213436183	-0.5704337478	0	0.5704337478	0.8213436183	0	0	0	1
2.7	2.642138238	-0.7795937629	0	0.8205081191	-0.5716348717	0	0.5716348717	0.8205081191	0	0	0	1
2.71	2.647454702	-0.7787145814	0	0.8212946241	-0.5705042861	0	0.5705042861	0.8212946241	0	0	0	1
2.72	2.653044667	-0.7778445178	0	0.8227611874	-0.568387217	0	0.568387217	0.8227611874	0	0	0	1
2.73	2.659475673	-0.7770335327	0	0.8220132566	-0.5694683538	0	0.5694683538	0.8220132566	0	0	0	1
2.74	2.667307893	-0.7752238867	0	0.82201973	-0.5694590095	0	0.5694590095	0.82201973	0	0	0	1
2.75	2.676903039	-0.7724314212	0	0.8227437407	-0.568412471	0	0.568412471	0.8227437407	0	0	0	1
2.76	2.688730904	-0.769315233	0	0.8224962407	-0.568770546	0	0.568770546	0.8224962407	0	0	0	1
2.77	2.70320566	-0.7668541178	0	0.8191128882	-0.5736323529	0	0.5736323529	0.8191128882	0	0	0	1
2.78	2.720011442	-0.7660634143	0	0.8110051687	-0.585038987	0	0.585038987	0.8110051687	0	0	0	1
2.79	2.738588716	-0.7666487981	0	0.7984784296	-0.6020234193	0	0.6020234193	0.7984784296	0	0	0	1
2.8	2.758319618	-0.7674391096	0	0.7834717894	-0.6214273532	0	0.6214273532	0.7834717894	0	0	0	1
2.81	2.778583246	-0.7674636647	0	0.7680552656	-0.640383564	0	0.640383564	0.7680552656	0	0	0	1
2.82	2.798855486	-0.7665174555	0	0.7533445329	-0.6576260448	0	0.6576260448	0.7533445329	0	0	0	1
2.83	2.818818294	-0.7650531124	0	0.7393691148	-0.6733003134	0	0.6733003134	0.7393691148	0	0	0	1
2.84	2.838391948	-0.7637890942	0	0.725479268	-0.6882440204	0	0.6882440204	0.725479268	0	0	0	1
2.85	2.857702468	-0.7633077995	0	0.7106106884	-0.7035854244	0	0.7035854244	0.7106106884	0	0	0	1
2.86	2.876981086	-0.7637320058	0	0.6940248294	-0.7199510651	0	0.7199510651	0.6940248294	0	0	0	1
2.87	2.896493726	-0.7649569554	0	0.6753974335	-0.7374539354	0	0.7374539354	0.6753974335	0	0	0	1
2.88	2.916459777	-0.7670013981	0	0.6542720911	-0.7562592352	0	0.7562592352	0.6542720911	0	0	0	1
2.89	2.937001377	-0.7700032687	0	0.6300028381	-0.7765928302	0	0.7765928302	0.6300028381	0	0	0	1
2.9	2.958131035	-0.7740204034	0	0.6021152532	-0.798409182	0	0.798409182	0.6021152532	0	0	0	1
2.91	2.979756003	-0.7789131851	0	0.5706080119	-0.8212225623	0	0.8212225623	0.5706080119	0	0	0	1
2.92	3.00169999	-0.7843914475	0	0.5359368818	-0.8442580522	0	0.8442580522	0.5359368818	0	0	0	1
2.93	3.023753722	-0.7901555603	0	0.4987214399	-0.8667623235	0	0.8667623235	0.4987214399	0	0	0	1
2.94	3.045743698	-0.7960190334	0	0.4594023322	-0.8882282911	0	0.8882282911	0.4594023322	0	0	0	1
2.95	3.067595768	-0.8019528769	0	0.4180417643	-0.9084278085	0	0.9084278085	0.4180417643	0	0	0	1
2.96	3.08935913	-0.8080429469	0	0.3743654717	-0.9272812376	0	0.9272812376	0.3743654717	0	0	0	1
2.97	3.11118764	-0.8144094648	0	0.3279614788	-0.9446910968	0	0.9446910968	0.3279614788	0	0	0	1
2.98	3.133298227	-0.8211418134	0	0.2784916128	-0.960438661	0	0.960438661	0.2784916128	0	0	0	1
2.99	3.155933185	-0.8282737897	0	0.2258171323	-0.9741697094	0	0.9741697094	0.2258171323	0	0	0	1
3	3.179337115	-0.8357856363	0	0.1700404448	-0.9854370843	0	0.9854370843	0.1700404448	0	0	0	1
3.01	3.203746002	-0.8436090063	0	0.1115059675	-0.9937637643	0	0.9937637643	0.1115059675	0	0	0	1
3.02	3.229379006	-0.8516216955	0	0.05078487328	-0.9987096158	0	0.9987096158	0.05078487328	0	0	0	1
3.03	3.256427266	-0.859637581	0	-0.01136383135	-0.9999354296	0	0.9999354296	-0.01136383135	0	0	0	1
3.04	3.285036171	-0.8674016932	0	-0.07406616698	-0.9972533294	0	0.9972533294	-0.07406616698	0	0	0	1
3.05	3.315277204	-0.8745962726	0	-0.136426888	-0.9906501422	0	0.9906501422	-0.136426888	0	0	0	1
3.06	3.347108958	-0.88086344	0	-0.1976013011	-0.9802824725	0	0.9802824725	-0.1976013011	0	0	0	1
3.07	3.380337527	-0.8858516142	0	-0.2568302608	-0.9664565263	0	0.9664565263	-0.2568302608	0	0	0	1
3.08	3.414599896	-0.8892851676	0	-0.3134610743	-0.9496010504	0	0.9496010504	-0.3134610743	0	0	0	1
3.09	3.449389653	-0.8910329059	0	-0.366972766	-0.9302316857	0	0.9302316857	-0.366972766	0	0	0	1
3.1	3.48409859	-0.8911376207	0	-0.416949161	-0.9089298087	0	0.9089298087	-0.416949161	0	0	0	1
3.11	3.518052297	-0.8898069005	0	-0.4629856085	-0.8863657971	0	0.8863657971	-0.4629856085	0	0	0	1
3.12	3.550538269	-0.8873912567	0	-0.5045848118	-0.8633621301	0	0.8633621301	-0.5045848118	0	0	0	1
3.13	3.58086114	-0.8843535747	0	-0.5411847685	-0.8409037081	0	0.8409037081	-0.5411847685	0	0	0	1
3.14	3.608406196	-0.8812180622	0	-0.5722523231	-0.8200776053	0	0.8200776053	-0.5722523231	0	0	0	1
3.15	3.632679091	-0.8785073012	0	-0.5973308271	-0.8019949395	0	0.8019949395	-0.5973308271	0	0	0	1
3.16	3.653332253	-0.8766816474	0	-0.6160672158	-0.7876935861	0	0.7876935861	-0.6160672158	0	0	0	1
3.17	3.670199459	-0.8760822675	0	-0.6282768214	-0.7779898687	0	0.7779898687	-0.6282768214	0	0	0	1
3.18	3.683289124	-0.8769045204	0	-0.6339382273	-0.7733836848	0	0.7733836848	-0.6339382273	0	0	0	1
3.19	3.692791393	-0.8791907537	0	-0.6332196818	-0.7739721148	0	0.7739721148	-0.6332196818	0	0	0	1
3.2	3.699054797	-0.8828576733	0	-0.6264636557	-0.7794506322	0	0.7794506322	-0.6264636557	0	0	0	1
3.21	3.702546928	-0.8877421729	0	-0.6141609925	-0.7891807621	0	0.7891807621	-0.6141609925	0	0	0	1
3.22	3.703797209	-0.8936258078	0	-0.5968871989	-0.8023251659	0	0.8023251659	-0.5968871989	0	0	0	1
3.23	3.703400222	-0.9002556011	0	-0.575518466	-0.817788784	0	0.817788784	-0.575518466	0	0	0	1
3.24	3.701865216	-0.9074821404	0	-0.5508578359	-0.8345990922	0	0.8345990922	-0.5508578359	0	0	0	1
3.25	3.699465802	-0.9152591158	0	-0.5229025735	-0.8523924558	0	0.8523924558	-0.5229025735	0	0	0	1
3.26	3.696451961	-0.923563586	0	-0.4915421138	-0.8708538054	0	0.8708538054	-0.4915421138	0	0	0	1
3.27	3.693190728	-0.9323887308	0	-0.4571464352	-0.8893914418	0	0.8893914418	-0.4571464352	0	0	0	1
3.28	3.690119815	-0.9417660806	0	-0.4204883218	-0.9072979507	0	0.9072979507	-0.4204883218	0	0	0	1
3.29	3.687655839	-0.9517691772	0	-0.3824828838	-0.923962577	0	0.923962577	-0.3824828838	0	0	0	1
3.3	3.687407724	-0.9619400465	0	-0.3474061129	-0.9377147715	0	0.9377147715	-0.3474061129	0	0	0	1
3.31	3.687407018	-0.9710140947	0	-0.3063726689	-0.9519116491	0	0.9519116491	-0.3063726689	0	0	0	1
3.32	3.687414796	-0.9793492158	0	-0.263498534	-0.9646597963	0	0.9646597963	-0.263498534	0	0	0	1
3.33	3.687414779	-0.9870194391	0	-0.22199022	-0.9750488922	0	0.9750488922	-0.22199022	0	0	0	1
3.34	3.687402614	-0.9937679969	0	-0.1831331409	-0.9830881205	0	0.9830881205	-0.1831331409	0	0	0	1
3.35	3.687354088	-0.9991458371	0	-0.1737765943	-0.9847851011	0	0.9847851011	-0.1737765943	0	0	0	1
3.36	3.687255181	-1.002727758	0	-0.1623262789	-0.9867371378	0	0.9867371378	-0.1623262789	0	0	0	1
3.37	3.687109141	-1.003937099	0	-0.1446466844	-0.9894833686	0	0.9894833686	-0.1446466844	0	0	0	1
3.38	3.6869307	-1.002902213	0	-0.1222069077	-0.9925046457	0	0.9925046457	-0.1222069077	0	0	0	1
3.39	3.686724831	-1.000122518	0	-0.09717894202	-0.9952669256	0	0.9952669256	-0.09717894202	0	0	0	1
3.4	3.686517541	-0.9961232	0	-0.07111640844	-0.9974680228	0	0.9974680228	-0.07111640844	0	0	0	1
3.41	3.686345391	-0.9913450328	0	-0.04483659709	-0.9989943341	0	0.9989943341	-0.04483659709	0	0	0	1
3.42	3.686255449	-0.9861618681	0	-0.01879179014	-0.9998234187	0	0.9998234187	-0.01879179014	0	0	0	1
3.43	3.686300539	-0.9808279475	0	0.006940946447	-0.9999759113	0	0.9999759113	0.006940946447	0	0	0	1
3.44	3.686503174	-0.9753479517	0	0.03308899163	-0.9994524094	0	0.9994524094	0.03308899163	0	0	0	1
3.45	3.686876236	-0.9698095249	0	0.05945502325	-0.9982309854	0	0.9982309854	0.05945502325	0	0	0	1
3.46	3.687404174	-0.964314478	0	0.0853586174	-0.996350293	0	0.996350293	0.0853586174	0	0	0	1
3.47	3.688062555	-0.9588952613	0	0.1104539641	-0.9938812413	0	0.9938812413	0.1104539641	0	0	0	1
3.48	3.688836757	-0.9535382399	0	0.1348224561	-0.9908697721	0	0.9908697721	0.1348224561	0	0	0	1
3.49	3.689723756	-0.9482239343	0	0.1587116101	-0.9873249844	0	0.9873249844	0.1587116101	0	0	0	1
3.5	3.690727176	-0.9429408372	0	0.1823567562	-0.983232431	0	0.983232431	0.1823567562	0	0	0	1
3.51	3.691855105	-0.9376811827	0	0.2059571142	-0.9785610186	0	0.9785610186	0.2059571142	0	0	0	1
3.52	3.693120655	-0.9324333708	0	0.2297054131	-0.9732602032	0	0.9732602032	0.2297054131	0	0	0	1
3.53	3.694542042	-0.9271773849	0	0.2537942655	-0.9672582234	0	0.9672582234	0.2537942655	0	0	0	1
3.54	3.696140464	-0.9218852573	0	0.2783868464	-0.9604690332	0	0.9604690332	0.2783868464	0	0	0	1
3.55	3.697936072	-0.9165265647	0	0.3035737016	-0.9528079595	0	0.9528079595	0.3035737016	0	0	0	1
3.56	3.699943639	-0.9110757398	0	0.3293438667	-0.9442100494	0	0.9442100494	0.3293438667	0	0	0	1
3.57	3.702169563	-0.9055174824	0	0.3555868834	-0.9346432305	0	0.9346432305	0.3555868834	0	0	0	1
3.58	3.704611302	-0.8998480766	0	0.3821218447	-0.9241119498	0	0.9241119498	0.3821218447	0	0	0	1
3.59	3.707258815	-0.8940743416	0	0.4087372606	-0.9126520979	0	0.9126520979	0.4087372606	0	0	0	1
3.6	3.710096353	-0.8882127311	0	0.4352191006	-0.9003245718	0	0.9003245718	0.4352191006	0	0	0	1
3.61	3.713103445	-0.8822898453	0	0.4613621553	-0.8872119035	0	0.8872119035	0.4613621553	0	0	0	1
3.62	3.7162549	-0.876343376	0	0.4869696242	-0.8734189058	0	0.8734189058	0.4869696242	0	0	0	1
3.63	3.719520444	-0.8704225604	0	0.511851615	-0.8590738759	0	0.8590738759	0.511851615	0	0	0	1
3.64	3.722866411	-0.8645852784	0	0.5358370615	-0.8443214101	0	0.8443214101	0.5358370615	0	0	0	1
3.65	3.726259181	-0.8588928282	0	0.5587926669	-0.829307395	0	0.829307395	0.5587926669	0	0	0	1
3.66	3.729670639	-0.8534022996	0	0.5806468024	-0.8141555692	0	0.8141555692	0.5806468024	0	0	0	1
3.67	3.733084823	-0.8481574451	0	0.6014116029	-0.7989393493	0	0.7989393493	0.6014116029	0	0	0	1
3.68	3.736503743	-0.8431805504	0	0.6211934664	-0.7836572448	0	0.7836572448	0.6211934664	0	0	0	1
3.69	3.739949552	-0.8384682129	0	0.6401814296	-0.7682237546	0	0.7682237546	0.6401814296	0	0	0	1
3.7	3.743460542	-0.8339924819	0	0.6586082248	-0.7524860173	0	0.7524860173	0.6586082248	0	0	0	1
3.71	3.747082116	-0.8297054418	0	0.6766973979	-0.7362612523	0	0.7362612523	0.6766973979	0	0	0	1
3.72	3.750855391	-0.8255455974	0	0.6946123517	-0.7193842373	0	0.7193842373	0.6946123517	0	0	0	1
3.73	3.754806851	-0.8214446474	0	0.7124221164	-0.7017511867	0	0.7017511867	0.7124221164	0	0	0	1
3.74	3.75893953	-0.817335884	0	0.730082582	-0.6833589272	0	0.6833589272	0.730082582	0	0	0	1
3.75	3.763226949	-0.8131633446	0	0.7474359271	-0.6643339032	0	0.6643339032	0.7474359271	0	0	0	1
3.76	3.767610552	-0.8088909818	0	0.7642266954	-0.6449477173	0	0.6449477173	0.7642266954	0	0	0	1
3.77	3.772001145	-0.8045110966	0	0.7801300431	-0.6256173877	0	0.6256173877	0.7801300431	0	0	0	1
3.78	3.776286365	-0.8000510802	0	0.7947888851	-0.6068860091	0	0.6068860091	0.7947888851	0	0	0	1
3.79	3.780346269	-0.7955780716	0	0.8078492491	-0.5893891674	0	0.5893891674	0.8078492491	0	0	0	1
3.8	3.784086364	-0.7912079143	0	0.818958731	-0.5738524174	0	0.5738524174	0.818958731	0	0	0	1
3.81	3.787690006	-0.7873272908	0	0.8269215095	-0.5623173633	0	0.5623173633	0.8269215095	0	0	0	1
3.82	3.791987059	-0.7846815922	0	0.8302763568	-0.5573519278	0	0.5573519278	0.8302763568	0	0	0	1
3.83	3.796967298	-0.7829815317	0	0.8309974481	-0.5562762275	0	0.5562762275	0.8309974481	0	0	0	1
3.84	3.802327186	-0.7818555715	0	0.8303199091	-0.5572870432	0	0.5572870432	0.8303199091	0	0	0	1
3.85	3.807819118	-0.7810951599	0	0.8287613034	-0.5596022713	0	0.5596022713	0.8287613034	0	0	0	1
3.86	3.813262904	-0.7805216004	0	0.8268137709	-0.5624757668	0	0.5624757668	0.8268137709	0	0	0	1
3.87	3.818570832	-0.7799747022	0	0.8250357167	-0.5650805838	0	0.5650805838	0.8250357167	0	0	0	1
3.88	3.823737636	-0.7793425132	0	0.8239297062	-0.5666920145	0	0.5666920145	0.8239297062	0	0	0	1
3.89	3.828817466	-0.7785560053	0	0.8239310808	-0.5666900159	0	0.5666900159	0.8239310808	0	0	0	1
3.9	3.834100316	-0.7776357189	0	0.8258121654	-0.5639452699	0	0.5639452699	0.8258121654	0	0	0	1
3.91	3.83992088	-0.7769645976	0	0.8253980866	-0.564551148	0	0.564551148	0.8253980866	0	0	0	1
3.92	3.847022536	-0.7757513245	0	0.824651734	-0.5656408026	0	0.5656408026	0.824651734	0	0	0	1
3.93	3.855751311	-0.773452112	0	0.8249693415	-0.5651774815	0	0.5651774815	0.8249693415	0	0	0	1
3.94	3.866440762	-0.7705622018	0	0.825123373	-0.5649525815	0	0.5649525815	0.825123373	0	0	0	1
3.95	3.879607375	-0.7677140873	0	0.823291291	-0.5676191067	0	0.5676191067	0.823291291	0	0	0	1
3.96	3.895241435	-0.7660159289	0	0.8176296612	-0.5757445068	0	0.5757445068	0.8176296612	0	0	0	1
3.97	3.912854295	-0.7658579093	0	0.8074436544	-0.5899446965	0	0.5899446965	0.8074436544	0	0	0	1
3.98	3.931853505	-0.7664086042	0	0.7939978431	-0.6079205747	0	0.6079205747	0.7939978431	0	0	0	1
3.99	3.951629378	-0.7665421241	0	0.7794102483	-0.6265138984	0	0.6265138984	0.7794102483	0	0	0	1
4	3.971621869	-0.7657042004	0	0.7652493438	-0.6437339837	0	0.6437339837	0.7652493438	0	0	0	1
4.01	3.991429972	-0.7640908438	0	0.7519680324	-0.6591995739	0	0.6591995739	0.7519680324	0	0	0	1
4.02	4.010876976	-0.7623473533	0	0.739148681	-0.6735422981	0	0.6735422981	0.739148681	0	0	0	1
4.03	4.030002819	-0.7611867377	0	0.7258790855	-0.6878223268	0	0.6878223268	0.7258790855	0	0	0	1
4.04	4.048989812	-0.7609976411	0	0.7111377466	-0.7030527046	0	0.7030527046	0.7111377466	0	0	0	1
4.05	4.068078493	-0.7617374175	0	0.6944706301	-0.7195210518	0	0.7195210518	0.6944706301	0	0	0	1
4.06	4.087496957	-0.7633104505	0	0.67560122	-0.7372672457	0	0.7372672457	0.67560122	0	0	0	1
4.07	4.107394914	-0.7657766173	0	0.6540401033	-0.7564598755	0	0.7564598755	0.6540401033	0	0	0	1
4.08	4.127820834	-0.7692314027	0	0.6292491261	-0.7772036653	0	0.7772036653	0.6292491261	0	0	0	1
4.09	4.148725688	-0.7736309686	0	0.600995936	-0.7992520785	0	0.7992520785	0.600995936	0	0	0	1
4.1	4.169977525	-0.7787554653	0	0.5695014828	-0.8219903047	0	0.8219903047	0.5695014828	0	0	0	1
4.11	4.191394843	-0.7843077508	0	0.5352808506	-0.8446741449	0	0.8446741449	0.5352808506	0	0	0	1
4.12	4.21280175	-0.7900467182	0	0.498825831	-0.8667022501	0	0.8667022501	0.498825831	0	0	0	1
4.13	4.234090632	-0.7958702027	0	0.4603367729	-0.8877443638	0	0.8877443638	0.4603367729	0	0	0	1
4.14	4.255262496	-0.8018133654	0	0.4196511719	-0.9076854598	0	0.9076854598	0.4196511719	0	0	0	1
