0	0	0.05	0	0.994995507	0.09991967318	0	-0.09991967318	0.994995507	0	0	0	1
0.01	0.01856542806	0.04937822869	0	0.995934285	0.09008273937	0	-0.09008273937	0.995934285	0	0	0	1
0.02	0.03813637855	0.04776031448	0	0.9971254331	0.07576853407	0	-0.07576853407	0.9971254331	0	0	0	1
0.03	0.05946685374	0.04514710374	0	0.9978640224	0.06532528409	0	-0.06532528409	0.9978640224	0	0	0	1
0.04	0.08195547968	0.04150661075	0	0.9983502112	0.0574182534	0	-0.0574182534	0.9983502112	0	0	0	1
0.05	0.1047323728	0.03678920288	0	0.9987764948	0.04945213269	0	-0.04945213269	0.9987764948	0	0	0	1
0.06	0.1270712464	0.03096454268	0	0.9991868467	0.04031929189	0	-0.04031929189	0.9991868467	0	0	0	1
0.07	0.1484830581	0.02403110664	0	0.9995566604	0.02977385804	0	-0.02977385804	0.9995566604	0	0	0	1
0.08	0.1687616622	0.01601057301	0	0.9998423828	0.01775414141	0	-0.01775414141	0.9998423828	0	0	0	1
0.09	0.1879737229	0.006941809743	0	0.9999909843	0.00424633391	0	-0.00424633391	0.9999909843	0	0	0	1
0.1	0.2063754306	-0.00312577842	0	0.9999427344	-0.01070177321	0	0.01070177321	0.9999427344	0	0	0	1
0.11	0.2242930986	-0.0141394282	0	0.9996345178	-0.02703388199	0	0.02703388199	0.9996345178	0	0	0	1
0.12	0.2420147835	-0.02604869179	0	0.9989965054	-0.04478819298	0	0.04478819298	0.9989965054	0	0	0	1
0.13	0.2597219617	-0.03880936513	0	0.9979388638	-0.06417183321	0	0.06417183321	0.9979388638	0	0	0	1
0.14	0.2774718606	-0.05238692735	0	0.9963338051	-0.08555085541	0	0.08555085541	0.9963338051	0	0	0	1
0.15	0.2952242368	-0.06676028476	0	0.9940035243	-0.1093480389	0	0.1093480389	0.9940035243	0	0	0	1
0.16	0.3128005181	-0.08174345663	0	0.9907146902	-0.1359573562	0	0.1359573562	0.9907146902	0	0	0	1
0.17	0.3299334998	-0.09558908596	0	0.9863367543	-0.1647416377	0	0.1647416377	0.9863367543	0	0	0	1
0.18	0.3469271096	-0.107491634	0	0.9806748521	-0.1956446638	0	0.1956446638	0.9806748521	0	0	0	1
0.19	0.3630071886	-0.1156948223	0	0.9728087128	-0.2316100351	0	0.2316100351	0.9728087128	0	0	0	1
0.2	0.3778933396	-0.1195714916	0	0.9629350298	-0.2697334397	0	0.2697334397	0.9629350298	0	0	0	1
0.21	0.3918739651	-0.1194310383	0	0.9532817075	-0.3020827471	0	0.3020827471	0.9532817075	0	0	0	1
0.22	0.4051535895	-0.1161097021	0	0.9446218063	-0.3281610017	0	0.3281610017	0.9446218063	0	0	0	1
0.23	0.417998408	-0.1107133127	0	0.9363059652	-0.3511853349	0	0.3511853349	0.9363059652	0	0	0	1
0.24	0.4308116726	-0.1041576425	0	0.927601568	-0.3735710522	0	0.3735710522	0.927601568	0	0	0	1
0.25	0.4439999175	-0.09698287318	0	0.9192839519	-0.3935949894	0	0.3935949894	0.9192839519	0	0	0	1
0.26	0.4577230465	-0.08916727422	0	0.9129917538	-0.407978011	0	0.407978011	0.9129917538	0	0	0	1
0.27	0.4718962502	-0.08061195321	0	0.9095838059	-0.4155205169	0	0.4155205169	0.9095838059	0	0	0	1
0.28	0.4862608952	-0.07136138306	0	0.9086857187	-0.4174808554	0	0.4174808554	0.9086857187	0	0	0	1
0.29	0.5005277824	-0.06155072986	0	0.9094609756	-0.4157892902	0	0.4157892902	0.9094609756	0	0	0	1
0.3	0.5144799179	-0.05135617734	0	0.911318486	-0.4117020975	0	0.4117020975	0.911318486	0	0	0	1
0.31	0.5279981469	-0.04098864425	0	0.9139994587	-0.4057154045	0	0.4057154045	0.9139994587	0	0	0	1
0.32	0.5410474659	-0.03069897104	0	0.9173378052	-0.3981097224	0	0.3981097224	0.9173378052	0	0	0	1
0.33	0.5536626223	-0.02076143787	0	0.9211296621	-0.3892558871	0	0.3892558871	0.9211296621	0	0	0	1
0.34	0.5659332804	-0.01144029378	0	0.9251766443	-0.3795367924	0	0.3795367924	0.9251766443	0	0	0	1
0.35	0.5779794806	-0.002960349551	0	0.9293463846	-0.3692090159	0	0.3692090159	0.9293463846	0	0	0	1
0.36	0.5899153744	0.004510037431	0	0.933559141	-0.3584233953	0	0.3584233953	0.933559141	0	0	0	1
0.37	0.6018424162	0.01091777753	0	0.9377768792	-0.3472384265	0	0.3472384265	0.9377768792	0	0	0	1
0.38	0.6138895035	0.01626058301	0	0.9419526888	-0.3357456358	0	0.3357456358	0.9419526888	0	0	0	1
0.39	0.6261777639	0.02053907046	0	0.946017223	-0.3241163583	0	0.3241163583	0.946017223	0	0	0	1
0.4	0.6387764166	0.0237677259	0	0.9499020343	-0.3125477968	0	0.3125477968	0.9499020343	0	0	0	1
0.41	0.651700304	0.02601406554	0	0.9535517233	-0.3012293328	0	0.3012293328	0.9535517233	0	0	0	1
0.42	0.664879942	0.02737072041	0	0.9569010869	-0.2904140318	0	0.2904140318	0.9569010869	0	0	0	1
0.43	0.6782585373	0.02794193536	0	0.9599440725	-0.2801916801	0	0.2801916801	0.9599440725	0	0	0	1
0.44	0.6918241213	0.0278297537	0	0.9627032426	-0.2705595435	0	0.2705595435	0.9627032426	0	0	0	1
0.45	0.7055879665	0.02711994402	0	0.9652054433	-0.2614927383	0	0.2614927383	0.9652054433	0	0	0	1
0.46	0.719561977	0.0258720769	0	0.9674806352	-0.2529450938	0	0.2529450938	0.9674806352	0	0	0	1
0.47	0.7337453738	0.02411313909	0	0.9695586009	-0.2448593871	0	0.2448593871	0.9695586009	0	0	0	1
0.48	0.7481187406	0.02183404108	0	0.971461912	-0.237195602	0	0.237195602	0.971461912	0	0	0	1
0.49	0.7626420648	0.01898928714	0	0.9732014269	-0.2299543056	0	0.2299543056	0.9732014269	0	0	0	1
0.5	0.7772549373	0.0155004649	0	0.9747768882	-0.2231815812	0	0.2231815812	0.9747768882	0	0	0	1
0.51	0.7918793409	0.01126403471	0	0.9761812603	-0.2169565555	0	0.2169565555	0.9761812603	0	0	0	1
0.52	0.8064257266	0.006163012902	0	0.9774068053	-0.2113668302	0	0.2113668302	0.9774068053	0	0	0	1
0.53	0.8208009021	8.427642306e-005	0	0.978451274	-0.2064778545	0	0.2064778545	0.978451274	0	0	0	1
0.54	0.8349063405	-0.007048449766	0	0.979320959	-0.2023127758	0	0.2023127758	0.979320959	0	0	0	1
0.55	0.848711944	-0.01526922177	0	0.9800613751	-0.1986949948	0	0.1986949948	0.9800613751	0	0	0	1
0.56	0.8622904057	-0.02459137862	0	0.9807336554	-0.1953496793	0	0.1953496793	0.9807336554	0	0	0	1
0.57	0.8757036443	-0.03501396996	0	0.9813733579	-0.1921102088	0	0.1921102088	0.9813733579	0	0	0	1
0.58	0.8889462626	-0.0465247579	0	0.9820118101	-0.1888195033	0	0.1888195033	0.9820118101	0	0	0	1
0.59	0.9019543436	-0.05909928832	0	0.9826904007	-0.1852554356	0	0.1852554356	0.9826904007	0	0	0	1
0.6	0.9146229769	-0.07267471451	0	0.9834152855	-0.1813680687	0	0.1813680687	0.9834152855	0	0	0	1
0.61	0.92656468	-0.08612574016	0	0.9830579825	-0.1832948526	0	0.1832948526	0.9830579825	0	0	0	1
0.62	0.9382951106	-0.09847218738	0	0.9829003615	-0.1841382074	0	0.1841382074	0.9829003615	0	0	0	1
0.63	0.9500071756	-0.1094420443	0	0.9840152254	-0.1780843511	0	0.1780843511	0.9840152254	0	0	0	1
0.64	0.9612039287	-0.1179543663	0	0.9866840521	-0.1626486438	0	0.1626486438	0.9866840521	0	0	0	1
0.65	0.9711319137	-0.1228713203	0	0.9901113608	-0.1402836168	0	0.1402836168	0.9901113608	0	0	0	1
0.66	0.9798130668	-0.1242466704	0	0.9932065028	-0.1163651272	0	0.1163651272	0.9932065028	0	0	0	1
0.67	0.9877760809	-0.1224822856	0	0.9957345975	-0.09226381398	0	0.09226381398	0.9957345975	0	0	0	1
0.68	0.9956300478	-0.1182790297	0	0.9976671131	-0.06826662083	0	0.06826662083	0.9976671131	0	0	0	1
0.69	1.003856947	-0.112492922	0	0.9989828449	-0.04509185832	0	0.04509185832	0.9989828449	0	0	0	1
0.7	1.012764284	-0.1059435748	0	0.9997193491	-0.02369014523	0	0.02369014523	0.9997193491	0	0	0	1
0.71	1.022462919	-0.09925786107	0	0.9999890414	-0.004681564381	0	0.004681564381	0.9999890414	0	0	0	1
0.72	1.032857959	-0.09260639288	0	0.9999381849	0.01111873823	0	-0.01111873823	0.9999381849	0	0	0	1
0.73	1.043769254	-0.0859024552	0	0.9997130799	0.02395324529	0	-0.02395324529	0.9997130799	0	0	0	1
0.74	1.054966707	-0.0790843355	0	0.9993991106	0.0346614725	0	-0.0346614725	0.9993991106	0	0	0	1
0.75	1.06623058	-0.072126544	0	0.9990425837	0.04374832431	0	-0.04374832431	0.9990425837	0	0	0	1
0.76	1.07742937	-0.06503086303	0	0.9986755565	0.05145029509	0	-0.05145029509	0.9986755565	0	0	0	1
0.77	1.088537358	-0.05782289044	0	0.9983195283	0.05794928356	0	-0.05794928356	0.9983195283	0	0	0	1
0.78	1.099603156	-0.05055136343	0	0.9979842857	0.0634615275	0	-0.0634615275	0.9979842857	0	0	0	1
0.79	1.110705433	-0.04328335813	0	0.9976685068	0.06824624992	0	-0.06824624992	0.9976685068	0	0	0	1
0.8	1.121916625	-0.03609673533	0	0.9973619016	0.07258951142	0	-0.07258951142	0.9973619016	0	0	0	1
0.81	1.133276683	-0.02907362422	0	0.9970481483	0.07677883786	0	-0.07677883786	0.9970481483	0	0	0	1
0.82	1.144779866	-0.02229967104	0	0.9967067196	0.08109078285	0	-0.08109078285	0.9967067196	0	0	0	1
0.83	1.156376146	-0.01586444134	0	0.9963136577	0.08578517075	0	-0.08578517075	0.9963136577	0	0	0	1
0.84	1.167986063	-0.009860728882	0	0.9958417045	0.09110049214	0	-0.09110049214	0.9958417045	0	0	0	1
0.85	1.1795235	-0.004378873181	0	0.9952623743	0.09722554326	0	-0.09722554326	0.9952623743	0	0	0	1
0.86	1.190918027	0.0005014325106	0	0.9945500568	0.1042601772	0	-0.1042601772	0.9945500568	0	0	0	1
0.87	1.202130917	0.004719667106	0	0.9936877709	0.112181166	0	-0.112181166	0.9936877709	0	0	0	1
0.88	1.213163093	0.008241681636	0	0.9926732764	0.1208294924	0	-0.1208294924	0.9926732764	0	0	0	1
0.89	1.224054036	0.01106374881	0	0.9915239548	0.1299240051	0	-0.1299240051	0.9915239548	0	0	0	1
0.9	1.234872435	0.01321203141	0	0.9902793739	0.1390926371	0	-0.1390926371	0.9902793739	0	0	0	1
0.91	1.245701441	0.01473736592	0	0.9890001362	0.1479146058	0	-0.1479146058	0.9890001362	0	0	0	1
0.92	1.256622941	0.01570639409	0	0.9877624322	0.1559659499	0	-0.1559659499	0.9877624322	0	0	0	1
0.93	1.267703597	0.01618981476	0	0.9866480242	0.1628670509	0	-0.1628670509	0.9866480242	0	0	0	1
0.94	1.278985063	0.0162493653	0	0.9857322384	0.1683209853	0	-0.1683209853	0.9857322384	0	0	0	1
0.95	1.290479518	0.0159257775	0	0.9850731383	0.1721363189	0	-0.1721363189	0.9850731383	0	0	0	1
0.96	1.302169796	0.01522903547	0	0.9847040631	0.1742352092	0	-0.1742352092	0.9847040631	0	0	0	1
0.97	1.314013266	0.01413306231	0	0.984631485	0.1746448934	0	-0.1746448934	0.984631485	0	0	0	1
0.98	1.32594769	0.01257527296	0	0.9848379236	0.1734769845	0	-0.1734769845	0.9848379236	0	0	0	1
0.99	1.33789859	0.01046166085	0	0.985289064	0.1708960511	0	-0.1708960511	0.985289064	0	0	0	1
1	1.349786979	0.00767606457	0	0.9859428653	0.1670828129	0	-0.1670828129	0.9859428653	0	0	0	1
1.01	1.361537511	0.004092876594	0	0.9867580875	0.1621988801	0	-0.1621988801	0.9867580875	0	0	0	1
1.02	1.373082477	-0.000403656249	0	0.9877020713	0.1563477482	0	-0.1563477482	0.9877020713	0	0	0	1
1.03	1.384362119	-0.0058971128	0	0.9888287226	0.1490562218	0	-0.1490562218	0.9888287226	0	0	0	1
1.04	1.39538463	-0.0124535395	0	0.9901709353	0.1398624997	0	-0.1398624997	0.9901709353	0	0	0	1
1.05	1.406246475	-0.02011843204	0	0.9916319214	0.1290973759	0	-0.1290973759	0.9916319214	0	0	0	1
1.06	1.417064525	-0.02891680667	0	0.9930176795	0.1179656228	0	-0.1179656228	0.9930176795	0	0	0	1
1.07	1.427869247	-0.0388556143	0	0.994198378	0.1075620065	0	-0.1075620065	0.994198378	0	0	0	1
1.08	1.438583554	-0.04992284815	0	0.9951457594	0.09841197899	0	-0.09841197899	0.9951457594	0	0	0	1
1.09	1.449065287	-0.06208653748	0	0.9958871017	0.09060287382	0	-0.09060287382	0.9958871017	0	0	0	1
1.1	1.459093975	-0.07516166276	0	0.9964800662	0.0838300526	0	-0.0838300526	0.9964800662	0	0	0	1
1.11	1.468308381	-0.08779721574	0	0.9969887203	0.07754670528	0	-0.07754670528	0.9969887203	0	0	0	1
1.12	1.477568027	-0.09947883811	0	0.997380169	0.07233808422	0	-0.07233808422	0.997380169	0	0	0	1
1.13	1.486962715	-0.109764139	0	0.9978346769	0.06577201233	0	-0.06577201233	0.9978346769	0	0	0	1
1.14	1.495670267	-0.1171279544	0	0.9985024504	0.0547070062	0	-0.0547070062	0.9985024504	0	0	0	1
1.15	1.503118391	-0.1210923407	0	0.9992808423	0.03791831102	0	-0.03791831102	0.9992808423	0	0	0	1
1.16	1.509557375	-0.121780836	0	0.999855639	0.01699120938	0	-0.01699120938	0.999855639	0	0	0	1
1.17	1.515560289	-0.1196485494	0	0.9999808275	-0.006192301086	0	0.006192301086	0.9999808275	0	0	0	1
1.18	1.521672322	-0.1154176632	0	0.999535661	-0.03047068052	0	0.03047068052	0.999535661	0	0	0	1
1.19	1.528310834	-0.1099128751	0	0.9984827153	-0.0550660259	0	0.0550660259	0.9984827153	0	0	0	1
1.2	1.535748645	-0.1038809471	0	0.9968593175	-0.07919280934	0	0.07919280934	0.9968593175	0	0	0	1
1.21	1.544075698	-0.09783036846	0	0.9947684895	-0.1021550402	0	0.1021550402	0.9947684895	0	0	0	1
1.22	1.55320099	-0.09181470006	0	0.9923393008	-0.1235423493	0	0.1235423493	0.9923393008	0	0	0	1
1.23	1.562948923	-0.08573941646	0	0.9896423716	-0.1435547853	0	0.1435547853	0.9896423716	0	0	0	1
1.24	1.573086112	-0.07953105167	0	0.9866453421	-0.1628832984	0	0.1628832984	0.9866453421	0	0	0	1
1.25	1.583401028	-0.07314613	0	0.9832813062	-0.1820930336	0	0.1820930336	0.9832813062	0	0	0	1
1.26	1.59377211	-0.06657052848	0	0.9795385098	-0.2012568206	0	0.2012568206	0.9795385098	0	0	0	1
1.27	1.604174711	-0.05981833294	0	0.9754927359	-0.220031639	0	0.220031639	0.9754927359	0	0	0	1
1.28	1.614647948	-0.0529282096	0	0.9712845261	-0.2379209309	0	0.2379209309	0.9712845261	0	0	0	1
1.29	1.625253684	-0.04595577437	0	0.9670833499	-0.2544598089	0	0.2544598089	0.9670833499	0	0	0	1
1.3	1.636043054	-0.03896635368	0	0.9630647452	-0.2692699325	0	0.2692699325	0.9630647452	0	0	0	1
1.31	1.647032224	-0.03203187418	0	0.9593920694	-0.2820759775	0	0.2820759775	0.9593920694	0	0	0	1
1.32	1.658190959	-0.02523270387	0	0.9561925784	-0.2927383695	0	0.2927383695	0.9561925784	0	0	0	1
1.33	1.669446385	-0.0186608502	0	0.9535354145	-0.3012809541	0	0.3012809541	0.9535354145	0	0	0	1
1.34	1.68069963	-0.01241919307	0	0.9514275885	-0.3078726096	0	0.3078726096	0.9514275885	0	0	0	1
1.35	1.691848626	-0.006615239413	0	0.9498313258	-0.3127626138	0	0.3127626138	0.9498313258	0	0	0	1
1.36	1.702809942	-0.00135062981	0	0.9486904933	-0.3162061795	0	0.3162061795	0.9486904933	0	0	0	1
1.37	1.713534639	0.003290517319	0	0.9479531842	-0.318409737	0	0.318409737	0.9479531842	0	0	0	1
1.38	1.724016306	0.007252027866	0	0.9475865285	-0.3194992505	0	0.3194992505	0.9475865285	0	0	0	1
1.39	1.734289992	0.01051185872	0	0.9475833205	-0.3195087647	0	0.3195087647	0.9475833205	0	0	0	1
1.4	1.744422653	0.01308264538	0	0.9479607146	-0.3183873168	0	0.3183873168	0.9479607146	0	0	0	1
1.41	1.754497054	0.01500597148	0	0.9487510078	-0.3160245644	0	0.3160245644	0.9487510078	0	0	0	1
1.42	1.764594835	0.01634226616	0	0.9499878136	-0.3122869738	0	0.3122869738	0.9499878136	0	0	0	1
1.43	1.774782039	0.01715787883	0	0.9516917323	-0.3070551199	0	0.3070551199	0.9516917323	0	0	0	1
1.44	1.785099118	0.01751082977	0	0.9538570276	-0.3002611711	0	0.3002611711	0.9538570276	0	0	0	1
1.45	1.795556883	0.01743819715	0	0.9564435113	-0.2919174707	0	0.2919174707	0.9564435113	0	0	0	1
1.46	1.80613739	0.01694672188	0	0.9593759894	-0.2821306628	0	0.2821306628	0.9593759894	0	0	0	1
1.47	1.81679855	0.01600834002	0	0.9625512688	-0.2710997139	0	0.2710997139	0.9625512688	0	0	0	1
1.48	1.827480838	0.014561005	0	0.9658505605	-0.2590997776	0	0.2590997776	0.9658505605	0	0	0	1
1.49	1.838115225	0.01251473735	0	0.9691542913	-0.2464547823	0	0.2464547823	0.9691542913	0	0	0	1
1.5	1.848631548	0.009762090156	0	0.9723557844	-0.2335042368	0	0.2335042368	0.9723557844	0	0	0	1
1.51	1.859436944	0.006479083697	0	0.9769253392	-0.2135810892	0	0.2135810892	0.9769253392	0	0	0	1
1.52	1.869059863	0.002552327237	0	0.9804288031	-0.1968739751	0	0.1968739751	0.9804288031	0	0	0	1
1.53	1.877451749	-0.002046236412	0	0.9827696227	-0.1848347063	0	0.1848347063	0.9827696227	0	0	0	1
1.54	1.885353818	-0.007365108307	0	0.9847487448	-0.1739824979	0	0.1739824979	0.9847487448	0	0	0	1
1.55	1.893347308	-0.01348295473	0	0.9866311759	-0.1629690852	0	0.1629690852	0.9866311759	0	0	0	1
1.56	1.90177788	-0.02049258922	0	0.9884808548	-0.1513459604	0	0.1513459604	0.9884808548	0	0	0	1
1.57	1.910771746	-0.02850191037	0	0.9903018971	-0.1389321874	0	0.1389321874	0.9903018971	0	0	0	1
1.58	1.920285385	-0.03765825638	0	0.9920222052	-0.1260632557	0	0.1260632557	0.9920222052	0	0	0	1
1.59	1.930104473	-0.04801349512	0	0.9935173001	-0.11368102	0	0.11368102	0.9935173001	0	0	0	1
1.6	1.939883201	-0.05954102259	0	0.9947332176	-0.1024979303	0	0.1024979303	0.9947332176	0	0	0	1
1.61	1.949257461	-0.07213162074	0	0.9956708348	-0.09294938849	0	0.09294938849	0.9956708348	0	0	0	1
1.62	1.957750007	-0.084562781	0	0.9958112833	-0.09143242306	0	0.09143242306	0.9958112833	0	0	0	1
1.63	1.965856513	-0.09611310869	0	0.9952242056	-0.0976154728	0	0.0976154728	0.9952242056	0	0	0	1
1.64	1.973971566	-0.10673029	0	0.9949652129	-0.1002208816	0	0.1002208816	0.9949652129	0	0	0	1
1.65	1.981868926	-0.1153244315	0	0.9958421413	-0.09109571624	0	0.09109571624	0.9958421413	0	0	0	1
1.66	1.988967887	-0.1206552597	0	0.9973648827	-0.07254854032	0	0.07254854032	0.9973648827	0	0	0	1
1.67	1.995220491	-0.1225578197	0	0.9987081976	-0.05081275511	0	0.05081275511	0.9987081976	0	0	0	1
1.68	2.000885847	-0.1212758888	0	0.9996208781	-0.0275336167	0	0.0275336167	0.9996208781	0	0	0	1
1.69	2.006346347	-0.1174185999	0	0.9999947349	-0.003245036003	0	0.003245036003	0.9999947349	0	0	0	1
1.7	2.012047774	-0.1118664968	0	0.9997950137	0.02024674238	0	-0.02024674238	0.9997950137	0	0	0	1
1.71	2.018477044	-0.1055963784	0	0.9991838226	0.04039416611	0	-0.04039416611	0.9991838226	0	0	0	1
1.72	2.026095036	-0.09942105585	0	0.9984468603	0.0557123617	0	-0.0557123617	0.9984468603	0	0	0	1
1.73	2.035219135	-0.09365175336	0	0.9977894141	0.06645513618	0	-0.06645513618	0.9977894141	0	0	0	1
1.74	2.045925515	-0.08835412815	0	0.9972063575	0.07469592096	0	-0.07469592096	0.9972063575	0	0	0	1
1.75	2.057959228	-0.08345569088	0	0.9966406708	0.08189855556	0	-0.08189855556	0.9966406708	0	0	0	1
1.76	2.070828722	-0.0787922977	0	0.9960851579	0.08839885839	0	-0.08839885839	0.9960851579	0	0	0	1
1.77	2.083964152	-0.07419054554	0	0.9955518408	0.09421535061	0	-0.09421535061	0.9955518408	0	0	0	1
1.78	2.096846918	-0.06953569039	0	0.9950307743	0.09956785749	0	-0.09956785749	0.9950307743	0	0	0	1
1.79	2.10910333	-0.064799091	0	0.9944865524	0.104864184	0	-0.104864184	0.9944865524	0	0	0	1
1.8	2.12055224	-0.06002517235	0	0.993877154	0.1104907362	0	-0.1104907362	0.993877154	0	0	0	1
1.81	2.131199206	-0.05529637716	0	0.9931730429	0.1166503612	0	-0.1166503612	0.9931730429	0	0	0	1
1.82	2.141186149	-0.05069633581	0	0.9923680443	0.1233112511	0	-0.1233112511	0.9923680443	0	0	0	1
1.83	2.150719244	-0.04628353863	0	0.991480525	0.1302550133	0	-0.1302550133	0.991480525	0	0	0	1
1.84	2.160000774	-0.04207946845	0	0.9905459118	0.1371816191	0	-0.1371816191	0.9905459118	0	0	0	1
1.85	2.169182164	-0.0380693816	0	0.9896039952	0.1438190969	0	-0.1438190969	0.9896039952	0	0	0	1
1.86	2.178343381	-0.0342119349	0	0.9886849099	0.1500071628	0	-0.1500071628	0.9886849099	0	0	0	1
1.87	2.187497221	-0.03045402904	0	0.9877963871	0.1557507551	0	-0.1557507551	0.9877963871	0	0	0	1
1.88	2.196611209	-0.02674729049	0	0.9869135532	0.1612502356	0	-0.1612502356	0.9869135532	0	0	0	1
1.89	2.205635765	-0.0230633606	0	0.9859728118	0.1669060049	0	-0.1669060049	0.9859728118	0	0	0	1
1.9	2.21452756	-0.01940684816	0	0.9848731557	0.1732768515	0	-0.1732768515	0.9848731557	0	0	0	1
1.91	2.223260226	-0.01582550607	0	0.9834898776	0.180963147	0	-0.180963147	0.9834898776	0	0	0	1
1.92	2.231821623	-0.01241510935	0	0.9817092972	0.1903860705	0	-0.1903860705	0.9817092972	0	0	0	1
1.93	2.240207734	-0.009307365067	0	0.9794892166	0.2014965871	0	-0.2014965871	0.9794892166	0	0	0	1
1.94	2.248449633	-0.006627238263	0	0.97691554	0.2136259058	0	-0.2136259058	0.97691554	0	0	0	1
1.95	2.256701411	-0.004444072251	0	0.9741777222	0.2257825625	0	-0.2257825625	0.9741777222	0	0	0	1
1.96	2.265288012	-0.002774585952	0	0.971485811	0.2370976993	0	-0.2370976993	0.971485811	0	0	0	1
1.97	2.274566174	-0.001614433135	0	0.9690728203	0.2467749359	0	-0.2467749359	0.9690728203	0	0	0	1
1.98	2.284758998	-0.0009392020459	0	0.9671984233	0.2540220661	0	-0.2540220661	0.9671984233	0	0	0	1
1.99	2.295957762	-0.00071070794	0	0.9660318398	0.2584230727	0	-0.2584230727	0.9660318398	0	0	0	1
2	2.308153997	-0.000903923558	0	0.9656136553	0.2599812854	0	-0.2599812854	0.9656136553	0	0	0	1
2.01	2.321218749	-0.001521906063	0	0.9659142465	0.2588622576	0	-0.2588622576	0.9659142465	0	0	0	1
2.02	2.334922374	-0.002604050098	0	0.9668379917	0.255390481	0	-0.255390481	0.9668379917	0	0	0	1
2.03	2.348990389	-0.004232030215	0	0.9682164052	0.2501139596	0	-0.2501139596	0.9682164052	0	0	0	1
2.04	2.36314752	-0.006522842317	0	0.9698453124	0.2437212957	0	-0.2437212957	0.9698453124	0	0	0	1
2.05	2.377148006	-0.009609851806	0	0.971534323	0.2368988375	0	-0.2368988375	0.971534323	0	0	0	1
2.06	2.390799318	-0.01361446136	0	0.9731389837	0.2302184147	0	-0.2302184147	0.9731389837	0	0	0	1
2.07	2.403968847	-0.01859043601	0	0.9746769979	0.2236174185	0	-0.2236174185	0.9746769979	0	0	0	1
2.08	2.416637576	-0.02454453094	0	0.9763433801	0.2162258174	0	-0.2162258174	0.9763433801	0	0	0	1
2.09	2.428927745	-0.03148883023	0	0.9781092757	0.2080919142	0	-0.2080919142	0.9781092757	0	0	0	1
2.1	2.441003145	-0.03943936598	0	0.9798525954	0.1997220353	0	-0.1997220353	0.9798525954	0	0	0	1
2.11	2.452996082	-0.04840778012	0	0.9815106477	0.1914075453	0	-0.1914075453	0.9815106477	0	0	0	1
2.12	2.464970838	-0.05839684192	0	0.9830926463	0.1831088444	0	-0.1831088444	0.9830926463	0	0	0	1
2.13	2.476903638	-0.06934172123	0	0.9846388151	0.174603562	0	-0.174603562	0.9846388151	0	0	0	1
2.14	2.488727882	-0.08031111092	0	0.9861184696	0.1660432591	0	-0.1660432591	0.9861184696	0	0	0	1
2.15	2.500348895	-0.09065297172	0	0.987824802	0.1555704358	0	-0.1555704358	0.987824802	0	0	0	1
2.16	2.511582854	-0.1002028114	0	0.9898754101	0.1419389744	0	-0.1419389744	0.9898754101	0	0	0	1
2.17	2.52237442	-0.1087411401	0	0.9920841742	0.1255746442	0	-0.1255746442	0.9920841742	0	0	0	1
2.18	2.532770209	-0.1159438321	0	0.9942843849	0.1067640478	0	-0.1067640478	0.9942843849	0	0	0	1
2.19	2.542562117	-0.1207716112	0	0.9963735949	0.08508618817	0	-0.08508618817	0.9963735949	0	0	0	1
2.2	2.551597474	-0.1229179567	0	0.9981131764	0.06140103528	0	-0.06140103528	0.9981131764	0	0	0	1
2.21	2.560085909	-0.1226258954	0	0.9993129279	0.03706308252	0	-0.03706308252	0.9993129279	0	0	0	1
2.22	2.568355529	-0.120352595	0	0.9999196468	0.01267674797	0	-0.01267674797	0.9999196468	0	0	0	1
2.23	2.576694317	-0.1166549657	0	0.999934418	-0.01145249929	0	0.01145249929	0.999934418	0	0	0	1
2.24	2.585280797	-0.1120872682	0	0.9993940368	-0.03480745789	0	0.03480745789	0.9993940368	0	0	0	1
2.25	2.594162533	-0.1071324273	0	0.9983897095	-0.05672731238	0	0.05672731238	0.9983897095	0	0	0	1
2.26	2.603263884	-0.1021581934	0	0.9970510732	-0.07674084616	0	0.07674084616	0.9970510732	0	0	0	1
2.27	2.612438067	-0.09728089304	0	0.9955096807	-0.09465978862	0	0.09465978862	0.9955096807	0	0	0	1
2.28	2.621581566	-0.09246368262	0	0.9938487639	-0.1107458101	0	0.1107458101	0.9938487639	0	0	0	1
2.29	2.630595505	-0.08768783008	0	0.9920551049	-0.1258040892	0	0.1258040892	0.9920551049	0	0	0	1
2.3	2.639387228	-0.0829527047	0	0.9900809943	-0.1404977748	0	0.1404977748	0.9900809943	0	0	0	1
2.31	2.64792714	-0.07826647842	0	0.9879275518	-0.1549165979	0	0.1549165979	0.9879275518	0	0	0	1
2.32	2.656261754	-0.07364390716	0	0.9856601549	-0.168742582	0	0.168742582	0.9856601549	0	0	0	1
2.33	2.664482741	-0.06910645906	0	0.9833738172	-0.181592774	0	0.181592774	0.9833738172	0	0	0	1
2.34	2.672691112	-0.0646782158	0	0.981159922	-0.193197328	0	0.193197328	0.981159922	0	0	0	1
2.35	2.680974724	-0.06037733467	0	0.9790984172	-0.2033870433	0	0.2033870433	0.9790984172	0	0	0	1
2.36	2.68939594	-0.05620784379	0	0.9772655846	-0.212018813	0	0.212018813	0.9772655846	0	0	0	1
2.37	2.697982491	-0.05215621603	0	0.9757371282	-0.2189453281	0	0.2189453281	0.9757371282	0	0	0	1
2.38	2.706725535	-0.04819521122	0	0.9745785138	-0.2240462462	0	0.2240462462	0.9745785138	0	0	0	1
2.39	2.715588406	-0.04429269435	0	0.9738305542	-0.2272752774	0	0.2272752774	0.9738305542	0	0	0	1
2.4	2.724523942	-0.04042130411	0	0.9735036419	-0.2286715094	0	0.2286715094	0.9735036419	0	0	0	1
2.41	2.733492662	-0.03656512846	0	0.9735858949	-0.2283210572	0	0.2283210572	0.9735858949	0	0	0	1
2.42	2.742474512	-0.03272284209	0	0.9740571965	-0.2263019618	0	0.2263019618	0.9740571965	0	0	0	1
2.43	2.751470911	-0.02890850027	0	0.9748964716	-0.2226586393	0	0.2226586393	0.9748964716	0	0	0	1
2.44	2.760499147	-0.02515143945	0	0.976076737	-0.2174263175	0	0.2174263175	0.976076737	0	0	0	1
2.45	2.769583824	-0.02149558107	0	0.9775531128	-0.2106891349	0	0.2106891349	0.9775531128	0	0	0	1
2.46	2.778749498	-0.01799704765	0	0.979253966	-0.2026367937	0	0.2026367937	0.979253966	0	0	0	1
2.47	2.788017162	-0.0147194501	0	0.9810820093	-0.1935925901	0	0.1935925901	0.9810820093	0	0	0	1
2.48	2.797405381	-0.01172728036	0	0.9829248833	-0.1840072658	0	0.1840072658	0.9829248833	0	0	0	1
2.49	2.806935481	-0.009077894735	0	0.9846723457	-0.1744143675	0	0.1744143675	0.9846723457	0	0	0	1
2.5	2.816639295	-0.006813781524	0	0.9862366619	-0.1653397917	0	0.1653397917	0.9862366619	0	0	0	1
2.51	2.826564911	-0.004956214266	0	0.9875694836	-0.1571830623	0	0.1571830623	0.9875694836	0	0	0	1
2.52	2.836775813	-0.003504773369	0	0.9886627867	-0.150152903	0	0.150152903	0.9886627867	0	0	0	1
2.53	2.847340624	-0.002439486191	0	0.989534444	-0.1442968613	0	0.1442968613	0.989534444	0	0	0	1
2.54	2.858320643	-0.001727010609	0	0.9902126436	-0.1395669028	0	0.1395669028	0.9902126436	0	0	0	1
2.55	2.86975976	-0.001330023156	0	0.9907294074	-0.1358500693	0	0.1358500693	0.9907294074	0	0	0	1
2.56	2.881676324	-0.001219149323	0	0.9911165994	-0.1329958132	0	0.1329958132	0.9911165994	0	0	0	1
2.57	2.894056652	-0.001385366272	0	0.9914006581	-0.1308615116	0	0.1308615116	0.9914006581	0	0	0	1
2.58	2.906852851	-0.001850682738	0	0.9916001633	-0.1293410847	0	0.1293410847	0.9916001633	0	0	0	1
2.59	2.919984459	-0.002674615615	0	0.9917267017	-0.1283672429	0	0.1283672429	0.9917267017	0	0	0	1
2.6	2.933341933	-0.003954479118	0	0.991786449	-0.1279048066	0	0.1279048066	0.991786449	0	0	0	1
2.61	2.946793003	-0.00581788367	0	0.9917823029	-0.1279369516	0	0.1279369516	0.9917823029	0	0	0	1
2.62	2.960192397	-0.008406106639	0	0.9917170436	-0.1284418367	0	0.1284418367	0.9917170436	0	0	0	1
2.63	2.973389415	-0.01183517498	0	0.9915950423	-0.1293803389	0	0.1293803389	0.9915950423	0	0	0	1
2.64	2.986241614	-0.0161413548	0	0.9914412662	-0.1305534971	0	0.1305534971	0.9914412662	0	0	0	1
2.65	2.998725738	-0.02134549139	0	0.9913053617	-0.1315814575	0	0.1315814575	0.9913053617	0	0	0	1
2.66	3.010916553	-0.02747479273	0	0.9911960128	-0.1324026595	0	0.1324026595	0.9911960128	0	0	0	1
2.67	3.02290706	-0.03455826673	0	0.9911039392	-0.1330901261	0	0.1330901261	0.9911039392	0	0	0	1
2.68	3.034763322	-0.04262360251	0	0.9910342392	-0.1336081463	0	0.1336081463	0.9910342392	0	0	0	1
2.69	3.046505585	-0.05169213518	0	0.9909991463	-0.1338681892	0	0.1338681892	0.9909991463	0	0	0	1
2.7	3.058113419	-0.06177481308	0	0.9910042575	-0.1338303465	0	0.1338303465	0.9910042575	0	0	0	1
2.71	3.069484633	-0.07271462051	0	0.9909362007	-0.1343333397	0	0.1343333397	0.9909362007	0	0	0	1
2.72	3.080524219	-0.08336357728	0	0.9902776085	-0.1391052049	0	0.1391052049	0.9902776085	0	0	0	1
2.73	3.091483514	-0.09337023525	0	0.9897626998	-0.1427228018	0	0.1427228018	0.9897626998	0	0	0	1
2.74	3.102273688	-0.1026092368	0	0.9897594325	-0.1427454581	0	0.1427454581	0.9897594325	0	0	0	1
2.75	3.112834383	-0.1108429895	0	0.9902151275	-0.1395492789	0	0.1395492789	0.9902151275	0	0	0	1
2.76	3.123076129	-0.1174544219	0	0.9913436247	-0.1312928705	0	0.1312928705	0.9913436247	0	0	0	1
2.77	3.132604911	-0.1214061635	0	0.9931824741	-0.1165700355	0	0.1165700355	0.9931824741	0	0	0	1
2.78	3.141343342	-0.1226696177	0	0.9949538297	-0.100333827	0	0.100333827	0.9949538297	0	0	0	1
2.79	3.149527024	-0.1215731483	0	0.9964527983	-0.08415355512	0	0.08415355512	0.9964527983	0	0	0	1
2.8	3.157490747	-0.1186365961	0	0.9977083804	-0.06766082833	0	0.06766082833	0.9977083804	0	0	0	1
2.81	3.165535786	-0.1144533303	0	0.9987179322	-0.05062106136	0	0.05062106136	0.9987179322	0	0	0	1
2.82	3.173864991	-0.1095903895	0	0.9994391308	-0.03348766586	0	0.03348766586	0.9994391308	0	0	0	1
2.83	3.182551502	-0.1045230426	0	0.9998561496	-0.01696113528	0	0.01696113528	0.9998561496	0	0	0	1
2.84	3.191536929	-0.09957259321	0	0.9999984082	-0.001784261015	0	0.001784261015	0.9999984082	0	0	0	1
2.85	3.200697989	-0.09477948983	0	0.9999365871	0.011261518	0	-0.011261518	0.9999365871	0	0	0	1
2.86	3.209925156	-0.09010556104	0	0.9997354913	0.02299885581	0	-0.02299885581	0.9997354913	0	0	0	1
2.87	3.219080281	-0.08552881689	0	0.9994068103	0.03443875081	0	-0.03443875081	0.9994068103	0	0	0	1
2.88	3.228039726	-0.08103824264	0	0.9989491114	0.04583309799	0	-0.04583309799	0.9989491114	0	0	0	1
2.89	3.236752129	-0.07662977017	0	0.9983743425	0.05699712494	0	-0.05699712494	0.9983743425	0	0	0	1
2.9	3.245241485	-0.07230787024	0	0.9977028405	0.06774246869	0	-0.06774246869	0.9977028405	0	0	0	1
2.91	3.253577312	-0.06808617549	0	0.9969550437	0.07797846447	0	-0.07797846447	0.9969550437	0	0	0	1
2.92	3.261845773	-0.06398229402	0	0.99615041	0.08766048562	0	-0.08766048562	0.99615041	0	0	0	1
2.93	3.270129931	-0.06000839521	0	0.9953077766	0.09675965021	0	-0.09675965021	0.9953077766	0	0	0	1
2.94	3.278494586	-0.05616286406	0	0.9944447664	0.1052597098	0	-0.1052597098	0.9944447664	0	0	0	1
2.95	3.286972916	-0.05242719133	0	0.9935778011	0.113151019	0	-0.113151019	0.9935778011	0	0	0	1
2.96	3.295562239	-0.04876986339	0	0.9927218198	0.1204300145	0	-0.1204300145	0.9927218198	0	0	0	1
2.97	3.304232184	-0.04515460906	0	0.9918875347	0.1271185217	0	-0.1271185217	0.9918875347	0	0	0	1
2.98	3.312941835	-0.04154925622	0	0.9910771444	0.1332895111	0	-0.1332895111	0.9910771444	0	0	0	1
2.99	3.321657373	-0.03793193071	0	0.9902816243	0.1390766141	0	-0.1390766141	0.9902816243	0	0	0	1
3	3.330363567	-0.03429454188	0	0.9894812864	0.1446609271	0	-0.1446609271	0.9894812864	0	0	0	1
3.01	3.339066315	-0.03064441283	0	0.9886484294	0.1502474058	0	-0.1502474058	0.9886484294	0	0	0	1
3.02	3.34778782	-0.02700486711	0	0.9877500805	0.1560441553	0	-0.1560441553	0.9877500805	0	0	0	1
3.03	3.356558451	-0.02341477312	0	0.9867500295	0.1622478947	0	-0.1622478947	0.9867500295	0	0	0	1
3.04	3.36540907	-0.01992679761	0	0.9856114346	0.1690269211	0	-0.1690269211	0.9856114346	0	0	0	1
3.05	3.374365908	-0.01660362249	0	0.9843018607	0.1764931926	0	-0.1764931926	0.9843018607	0	0	0	1
3.06	3.383449762	-0.01351212351	0	0.9828007631	0.1846690554	0	-0.1846690554	0.9828007631	0	0	0	1
3.07	3.392680258	-0.01071593262	0	0.9811077421	0.1934621368	0	-0.1934621368	0.9811077421	0	0	0	1
3.08	3.402084225	-0.008267153454	0	0.9792486041	0.2026627033	0	-0.2026627033	0.9792486041	0	0	0	1
3.09	3.411703728	-0.006199284089	0	0.9772763507	0.2119691827	0	-0.2119691827	0.9772763507	0	0	0	1
3.1	3.421597588	-0.004524482797	0	0.9752688892	0.2210217044	0	-0.2210217044	0.9752688892	0	0	0	1
3.11	3.431832123	-0.00323392085	0	0.9733237028	0.2294361992	0	-0.2294361992	0.9733237028	0	0	0	1
3.12	3.442469152	-0.002303057234	0	0.9715496269	0.2368360666	0	-0.2368360666	0.9715496269	0	0	0	1
3.13	3.453556109	-0.001698232689	0	0.9700532312	0.2428924221	0	-0.2428924221	0.9700532312	0	0	0	1
3.14	3.465118559	-0.001387129563	0	0.9689257038	0.2473519365	0	-0.2473519365	0.9689257038	0	0	0	1
3.15	3.47715332	-0.001350291471	0	0.9682329869	0.2500497614	0	-0.2500497614	0.9682329869	0	0	0	1
3.16	3.489626069	-0.001592417208	0	0.9680062006	0.2509262751	0	-0.2509262751	0.9680062006	0	0	0	1
3.17	3.502471724	-0.002150147273	0	0.968233617	0.2500473212	0	-0.2500473212	0.968233617	0	0	0	1
3.18	3.515599036	-0.00309701581	0	0.9688641502	0.2475929288	0	-0.2475929288	0.9688641502	0	0	0	1
3.19	3.528894039	-0.004539740152	0	0.9698147368	0.2438429336	0	-0.2438429336	0.9698147368	0	0	0	1
3.2	3.542226538	-0.006608573753	0	0.9709867001	0.2391334944	0	-0.2391334944	0.9709867001	0	0	0	1
3.21	3.555460003	-0.009439907521	0	0.972281171	0.2338147227	0	-0.2338147227	0.972281171	0	0	0	1
3.22	3.568454989	-0.01312964853	0	0.9736441782	0.2280723881	0	-0.2280723881	0.9736441782	0	0	0	1
3.23	3.581098149	-0.01770323615	0	0.9752861644	0.2209454629	0	-0.2209454629	0.9752861644	0	0	0	1
3.24	3.593398165	-0.0231812025	0	0.9772581868	0.2120529094	0	-0.2120529094	0.9772581868	0	0	0	1
3.25	3.605437802	-0.02958928772	0	0.9793997563	0.2019309719	0	-0.2019309719	0.9793997563	0	0	0	1
3.26	3.617303579	-0.0369543338	0	0.9815525312	0.1911926476	0	-0.1911926476	0.9815525312	0	0	0	1
3.27	3.629048348	-0.04530088313	0	0.9836327359	0.1801850184	0	-0.1801850184	0.9836327359	0	0	0	1
3.28	3.64067961	-0.05464647321	0	0.9856107499	0.1690309133	0	-0.1690309133	0.9856107499	0	0	0	1
3.29	3.652168454	-0.06499819334	0	0.9874783028	0.1577548777	0	-0.1577548777	0.9874783028	0	0	0	1
3.3	3.663346376	-0.07592764977	0	0.9891933147	0.1466171413	0	-0.1466171413	0.9891933147	0	0	0	1
3.31	3.674284157	-0.08632735836	0	0.990501375	0.1375028225	0	-0.1375028225	0.990501375	0	0	0	1
3.32	3.685115365	-0.0960510777	0	0.9917725344	0.1280126559	0	-0.1280126559	0.9917725344	0	0	0	1
3.33	3.695745497	-0.1049372079	0	0.9932898413	0.1156515942	0	-0.1156515942	0.9932898413	0	0	0	1
3.34	3.706148916	-0.112739272	0	0.994954902	0.1003231928	0	-0.1003231928	0.994954902	0	0	0	1
3.35	3.716216756	-0.1187208771	0	0.9966110097	0.08225871009	0	-0.08225871009	0.9966110097	0	0	0	1
3.36	3.725586004	-0.1220330452	0	0.9980886901	0.0617977884	0	-0.0617977884	0.9980886901	0	0	0	1
3.37	3.734255739	-0.1227573984	0	0.9991912973	0.04020884687	0	-0.04020884687	0.9991912973	0	0	0	1
3.38	3.742483429	-0.121272199	0	0.9998343477	0.01820102273	0	-0.01820102273	0.9998343477	0	0	0	1
3.39	3.750587405	-0.1181163171	0	0.9999919137	-0.0040215	0	0.0040215	0.9999919137	0	0	0	1
3.4	3.758828796	-0.1138706827	0	0.9996591716	-0.02610633501	0	0.02610633501	0.9996591716	0	0	0	1
3.41	3.767359076	-0.1090676821	0	0.9988772959	-0.04737243547	0	0.04737243547	0.9988772959	0	0	0	1
3.42	3.776199339	-0.1041388147	0	0.9977430337	-0.06714788716	0	0.06714788716	0.9977430337	0	0	0	1
3.43	3.785250031	-0.0993588988	0	0.9963737599	-0.0850842556	0	0.0850842556	0.9963737599	0	0	0	1
3.44	3.79437162	-0.09474260833	0	0.9948714181	-0.101147721	0	0.101147721	0.9948714181	0	0	0	1
3.45	3.803455443	-0.09024946722	0	0.9932668011	-0.1158493068	0	0.1158493068	0.9932668011	0	0	0	1
3.46	3.812382022	-0.08585845894	0	0.9915142785	-0.1299978293	0	0.1299978293	0.9915142785	0	0	0	1
3.47	3.821061229	-0.08156101134	0	0.9895720859	-0.1440384909	0	0.1440384909	0.9895720859	0	0	0	1
3.48	3.829477575	-0.07735553437	0	0.9874581768	-0.1578808067	0	0.1578808067	0.9874581768	0	0	0	1
3.49	3.837683619	-0.07324748924	0	0.9852417478	-0.1711686256	0	0.1711686256	0.9852417478	0	0	0	1
3.5	3.845766387	-0.06924870842	0	0.9830091568	-0.1835565242	0	0.1835565242	0.9830091568	0	0	0	1
3.51	3.853817964	-0.0653717539	0	0.9808429674	-0.1948000853	0	0.1948000853	0.9808429674	0	0	0	1
3.52	3.861917206	-0.06162128236	0	0.9788213099	-0.2047164951	0	0.2047164951	0.9788213099	0	0	0	1
3.53	3.870117277	-0.05798730147	0	0.977022613	-0.2131356698	0	0.2131356698	0.977022613	0	0	0	1
3.54	3.878437314	-0.05444390646	0	0.9755221135	-0.2199013553	0	0.2199013553	0.9755221135	0	0	0	1
3.55	3.886863087	-0.05095427905	0	0.9743797956	-0.2249089016	0	0.2249089016	0.9743797956	0	0	0	1
3.56	3.895358447	-0.047479078	0	0.9736296981	-0.228134195	0	0.228134195	0.9736296981	0	0	0	1
3.57	3.903883343	-0.04398490289	0	0.9732794362	-0.2296239077	0	0.2296239077	0.9732794362	0	0	0	1
3.58	3.912410064	-0.04044972345	0	0.9733198713	-0.2294524528	0	0.2294524528	0.9733198713	0	0	0	1
3.59	3.920932377	-0.03686568839	0	0.9737365888	-0.2276775254	0	0.2276775254	0.9737365888	0	0	0	1
3.6	3.929465525	-0.03323997971	0	0.9745141939	-0.2243258475	0	0.2243258475	0.9745141939	0	0	0	1
3.61	3.938039416	-0.02959485754	0	0.9756312762	-0.2194165284	0	0.2194165284	0.9756312762	0	0	0	1
3.62	3.946689062	-0.02596671743	0	0.9770512564	-0.2130043246	0	0.2130043246	0.9770512564	0	0	0	1
3.63	3.955446609	-0.02240497322	0	0.9787153931	-0.205222268	0	0.205222268	0.9787153931	0	0	0	1
3.64	3.964335603	-0.01896890494	0	0.9805416354	-0.1963112359	0	0.1963112359	0.9805416354	0	0	0	1
3.65	3.973370092	-0.01572364822	0	0.982429182	-0.1866357477	0	0.1866357477	0.982429182	0	0	0	1
3.66	3.982558552	-0.01273465947	0	0.9842689783	-0.1766764794	0	0.1766764794	0.9842689783	0	0	0	1
3.67	3.991912246	-0.0100605908	0	0.985961358	-0.1669736523	0	0.1669736523	0.985961358	0	0	0	1
3.68	4.00145508	-0.007746132058	0	0.987436475	-0.1580164798	0	0.1580164798	0.987436475	0	0	0	1
3.69	4.011229124	-0.0058170528	0	0.9886657749	-0.150133226	0	0.150133226	0.9886657749	0	0	0	1
3.7	4.021290972	-0.00427882973	0	0.9896553065	-0.1434655861	0	0.1434655861	0.9896553065	0	0	0	1
3.71	4.031701419	-0.003118380511	0	0.9904286988	-0.1380253331	0	0.1380253331	0.9904286988	0	0	0	1
3.72	4.042514559	-0.002308890615	0	0.9910162104	-0.1337418064	0	0.1337418064	0.9910162104	0	0	0	1
3.73	4.053769445	-0.001817690116	0	0.9914505388	-0.130483061	0	0.130483061	0.9914505388	0	0	0	1
3.74	4.065482082	-0.001616637528	0	0.9917622352	-0.1280924234	0	0.1280924234	0.9917622352	0	0	0	1
3.75	4.077640041	-0.001693386205	0	0.9919755209	-0.1264300834	0	0.1264300834	0.9919755209	0	0	0	1
3.76	4.090201529	-0.002061800528	0	0.9921078415	-0.1253875227	0	0.1253875227	0.9921078415	0	0	0	1
3.77	4.103096823	-0.002769253585	0	0.992171212	-0.1248850916	0	0.1248850916	0.992171212	0	0	0	1
3.78	4.116230787	-0.003898534253	0	0.9921732608	-0.1248688134	0	0.1248688134	0.9921732608	0	0	0	1
3.79	4.129487105	-0.005563098414	0	0.9921187133	-0.1253014712	0	0.1253014712	0.9921187133	0	0	0	1
3.8	4.142735429	-0.007895300126	0	0.9920116935	-0.1261459471	0	0.1261459471	0.9920116935	0	0	0	1
3.81	4.155841362	-0.01102388141	0	0.9918580724	-0.1273482006	0	0.1273482006	0.9918580724	0	0	0	1
3.82	4.168664696	-0.01501373339	0	0.9916697762	-0.1288062692	0	0.1288062692	0.9916697762	0	0	0	1
3.83	4.181130783	-0.01988410733	0	0.9914917827	-0.1301692928	0	0.1301692928	0.9914917827	0	0	0	1
3.84	4.19328254	-0.02565962701	0	0.9913528103	-0.1312234948	0	0.1312234948	0.9913528103	0	0	0	1
3.85	4.20520676	-0.03236859704	0	0.9912468221	-0.132021732	0	0.132021732	0.9912468221	0	0	0	1
3.86	4.216977955	-0.04003947441	0	0.9911720932	-0.1325816037	0	0.1325816037	0.9911720932	0	0	0	1
3.87	4.228631053	-0.04869671822	0	0.9911385808	-0.1328318997	0	0.1328318997	0.9911385808	0	0	0	1
3.88	4.240158402	-0.05835618947	0	0.9911538286	-0.1327180776	0	0.1327180776	0.9911538286	0	0	0	1
3.89	4.251511608	-0.06899626785	0	0.9912110106	-0.1322903338	0	0.1322903338	0.9912110106	0	0	0	1
3.9	4.262475363	-0.07972854721	0	0.9907429101	-0.1357515602	0	0.1357515602	0.9907429101	0	0	0	1
3.91	4.273320451	-0.08983789584	0	0.9901071326	-0.140313456	0	0.140313456	0.9901071326	0	0	0	1
3.92	4.284048744	-0.09924303659	0	0.9898825186	-0.1418893912	0	0.1418893912	0.9898825186	0	0	0	1
3.93	4.294587914	-0.1077452044	0	0.9901430051	-0.140060092	0	0.140060092	0.9901430051	0	0	0	1
3.94	4.304919333	-0.1150378099	0	0.9908146068	-0.1352272713	0	0.1352272713	0.9908146068	0	0	0	1
3.95	4.314790542	-0.1201046775	0	0.9923605161	-0.1233718207	0	0.1233718207	0.9923605161	0	0	0	1
3.96	4.323912632	-0.1224868403	0	0.9941548497	-0.1079635811	0	0.1079635811	0.9941548497	0	0	0	1
3.97	4.332393342	-0.1223891686	0	0.9957320335	-0.09229148101	0	0.09229148101	0.9957320335	0	0	0	1
3.98	4.340524384	-0.1202540708	0	0.9970614778	-0.0766055451	0	0.0766055451	0.9970614778	0	0	0	1
3.99	4.34861195	-0.1166443225	0	0.9981746415	-0.06039358432	0	0.06039358432	0.9981746415	0	0	0	1
4	4.356887766	-0.1121327158	0	0.9990425895	-0.04374819208	0	0.04374819208	0.9990425895	0	0	0	1
4.01	4.365469174	-0.1072243081	0	0.9996283787	-0.02725994402	0	0.02725994402	0.9996283787	0	0	0	1
4.02	4.37434628	-0.1023128154	0	0.9999333779	-0.01154295574	0	0.01154295574	0.9999333779	0	0	0	1
4.03	4.383403811	-0.09757711606	0	0.9999968487	0.002510484698	0	-0.002510484698	0.9999968487	0	0	0	1
4.04	4.392528205	-0.09298817995	0	0.9998903994	0.01480504029	0	-0.01480504029	0.9998903994	0	0	0	1
4.05	4.401609319	-0.08851432534	0	0.9996506654	0.0264300426	0	-0.0264300426	0.9996506654	0	0	0	1
4.06	4.410525322	-0.08413945439	0	0.9992765439	0.03803141845	0	-0.03803141845	0.9992765439	0	0	0	1
4.07	4.419200815	-0.07985565034	0	0.9987703041	0.04957700718	0	-0.04957700718	0.9987703041	0	0	0	1
4.08	4.427636167	-0.07566126115	0	0.9981481393	0.06083002619	0	-0.06083002619	0.9981481393	0	0	0	1
4.09	4.435888635	-0.07156240498	0	0.9974311741	0.07163136775	0	-0.07163136775	0.9974311741	0	0	0	1
4.1	4.444040464	-0.06757117213	0	0.9966401744	0.08190459539	0	-0.08190459539	0.9966401744	0	0	0	1
4.11	4.452175649	-0.0636985998	0	0.9957954579	0.09160461811	0	-0.09160461811	0.9957954579	0	0	0	1
4.12	4.460364996	-0.05994605111	0	0.9949165441	0.1007028816	0	-0.1007028816	0.9949165441	0	0	0	1
