0	0	0.05	0	0.9766029791	-0.215050276	0	0.215050276	0.9766029791	0	0	0	1
0.01	0.01856542806	0.04937822869	0	0.9751942694	-0.2213507103	0	0.2213507103	0.9751942694	0	0	0	1
0.02	0.03813637855	0.04776031448	0	0.9733715203	-0.2292332512	0	0.2292332512	0.9733715203	0	0	0	1
0.03	0.05946685374	0.04514710374	0	0.9721638305	-0.2343021268	0	0.2343021268	0.9721638305	0	0	0	1
0.04	0.08195547968	0.04150661075	0	0.9712137748	-0.2382095794	0	0.2382095794	0.9712137748	0	0	0	1
0.05	0.1047323728	0.03678920288	0	0.9701887451	-0.2423505701	0	0.2423505701	0.9701887451	0	0	0	1
0.06	0.1270712464	0.03096454268	0	0.9689443112	-0.2472790365	0	0.2472790365	0.9689443112	0	0	0	1
0.07	0.1484830581	0.02403110664	0	0.9673852077	-0.2533098102	0	0.2533098102	0.9673852077	0	0	0	1
0.08	0.1687616622	0.01601057301	0	0.9655101695	-0.2603653445	0	0.2603653445	0.9655101695	0	0	0	1
0.09	0.1879737229	0.006941809743	0	0.9634774338	-0.2677895341	0	0.2677895341	0.9634774338	0	0	0	1
0.1	0.2063754306	-0.00312577842	0	0.9615842338	-0.2745100387	0	0.2745100387	0.9615842338	0	0	0	1
0.11	0.2242930986	-0.0141394282	0	0.9601920064	-0.2793408506	0	0.2793408506	0.9601920064	0	0	0	1
0.12	0.2420147835	-0.02604869179	0	0.9596411659	-0.2812273683	0	0.2812273683	0.9596411659	0	0	0	1
0.13	0.2597219617	-0.03880936513	0	0.9601770284	-0.2793923302	0	0.2793923302	0.9601770284	0	0	0	1
0.14	0.2774718606	-0.05238692735	0	0.9619017501	-0.2733953605	0	0.2733953605	0.9619017501	0	0	0	1
0.15	0.2952242368	-0.06676028476	0	0.9647624439	-0.263122456	0	0.263122456	0.9647624439	0	0	0	1
0.16	0.3128005181	-0.08174345663	0	0.9680755698	-0.250658515	0	0.250658515	0.9680755698	0	0	0	1
0.17	0.3299334998	-0.09558908596	0	0.9709248254	-0.2393845932	0	0.2393845932	0.9709248254	0	0	0	1
0.18	0.3469271096	-0.107491634	0	0.9753262026	-0.2207686539	0	0.2207686539	0.9753262026	0	0	0	1
0.19	0.3630071886	-0.1156948223	0	0.9818343369	-0.1897401772	0	0.1897401772	0.9818343369	0	0	0	1
0.2	0.3778933396	-0.1195714916	0	0.9878063595	-0.1556874949	0	0.1556874949	0.9878063595	0	0	0	1
0.21	0.3918739651	-0.1194310383	0	0.9920602474	-0.1257635301	0	0.1257635301	0.9920602474	0	0	0	1
0.22	0.4051535895	-0.1161097021	0	0.9948354346	-0.1015010248	0	0.1015010248	0.9948354346	0	0	0	1
0.23	0.417998408	-0.1107133127	0	0.9967002618	-0.0811701183	0	0.0811701183	0.9967002618	0	0	0	1
0.24	0.4308116726	-0.1041576425	0	0.9980348556	-0.0626612087	0	0.0626612087	0.9980348556	0	0	0	1
0.25	0.4439999175	-0.09698287318	0	0.9989605195	-0.04558377437	0	0.04558377437	0.9989605195	0	0	0	1
0.26	0.4577230465	-0.08916727422	0	0.9994986662	-0.03166095867	0	0.03166095867	0.9994986662	0	0	0	1
0.27	0.4718962502	-0.08061195321	0	0.9997708744	-0.02140557579	0	0.02140557579	0.9997708744	0	0	0	1
0.28	0.4862608952	-0.07136138306	0	0.9999013357	-0.01404702192	0	0.01404702192	0.9999013357	0	0	0	1
0.29	0.5005277824	-0.06155072986	0	0.9999643205	-0.008447350026	0	0.008447350026	0.9999643205	0	0	0	1
0.3	0.5144799179	-0.05135617734	0	0.9999935431	-0.003593559851	0	0.003593559851	0.9999935431	0	0	0	1
0.31	0.5279981469	-0.04098864425	0	0.9999992032	0.001262408448	0	-0.001262408448	0.9999992032	0	0	0	1
0.32	0.5410474659	-0.03069897104	0	0.9999776766	0.00668178756	0	-0.00668178756	0.9999776766	0	0	0	1
0.33	0.5536626223	-0.02076143787	0	0.9999137651	0.01313249584	0	-0.01313249584	0.9999137651	0	0	0	1
0.34	0.5659332804	-0.01144029378	0	0.9997801885	0.02096603419	0	-0.02096603419	0.9997801885	0	0	0	1
0.35	0.5779794806	-0.002960349551	0	0.9995403334	0.0303170233	0	-0.0303170233	0.9995403334	0	0	0	1
0.36	0.5899153744	0.004510037431	0	0.9991591701	0.04099942545	0	-0.04099942545	0.9991591701	0	0	0	1
0.37	0.6018424162	0.01091777753	0	0.998635489	0.05222221825	0	-0.05222221825	0.998635489	0	0	0	1
0.38	0.6138895035	0.01626058301	0	0.9979793633	0.06353888833	0	-0.06353888833	0.9979793633	0	0	0	1
0.39	0.6261777639	0.02053907046	0	0.9971861619	0.07496504814	0	-0.07496504814	0.9971861619	0	0	0	1
0.4	0.6387764166	0.0237677259	0	0.9962544872	0.08646962848	0	-0.08646962848	0.9962544872	0	0	0	1
0.41	0.651700304	0.02601406554	0	0.9951733018	0.09813307029	0	-0.09813307029	0.9951733018	0	0	0	1
0.42	0.664879942	0.02737072041	0	0.9940159719	0.1092348274	0	-0.1092348274	0.9940159719	0	0	0	1
0.43	0.6782585373	0.02794193536	0	0.9928987187	0.1189627436	0	-0.1189627436	0.9928987187	0	0	0	1
0.44	0.6918241213	0.0278297537	0	0.9919061874	0.1269728922	0	-0.1269728922	0.9919061874	0	0	0	1
0.45	0.7055879665	0.02711994402	0	0.9910897901	0.1331954504	0	-0.1331954504	0.9910897901	0	0	0	1
0.46	0.719561977	0.0258720769	0	0.9904841348	0.1376269546	0	-0.1376269546	0.9904841348	0	0	0	1
0.47	0.7337453738	0.02411313909	0	0.9901148797	0.1402587783	0	-0.1402587783	0.9901148797	0	0	0	1
0.48	0.7481187406	0.02183404108	0	0.9899954072	0.1410995883	0	-0.1410995883	0.9899954072	0	0	0	1
0.49	0.7626420648	0.01898928714	0	0.9901211109	0.1402147843	0	-0.1402147843	0.9901211109	0	0	0	1
0.5	0.7772549373	0.0155004649	0	0.9904683397	0.1377405827	0	-0.1377405827	0.9904683397	0	0	0	1
0.51	0.7918793409	0.01126403471	0	0.9909991586	0.1338680977	0	-0.1338680977	0.9909991586	0	0	0	1
0.52	0.8064257266	0.006163012902	0	0.9916693554	0.1288095086	0	-0.1288095086	0.9916693554	0	0	0	1
0.53	0.8208009021	8.427642306e-005	0	0.9924350648	0.1227706893	0	-0.1227706893	0.9924350648	0	0	0	1
0.54	0.8349063405	-0.007048449766	0	0.9933095316	0.1154823556	0	-0.1154823556	0.9933095316	0	0	0	1
0.55	0.848711944	-0.01526922177	0	0.9943273872	0.106362809	0	-0.106362809	0.9943273872	0	0	0	1
0.56	0.8622904057	-0.02459137862	0	0.9953750053	0.09606559657	0	-0.09606559657	0.9953750053	0	0	0	1
0.57	0.8757036443	-0.03501396996	0	0.9963331522	0.08555845811	0	-0.08555845811	0.9963331522	0	0	0	1
0.58	0.8889462626	-0.0465247579	0	0.9971534604	0.07539878208	0	-0.07539878208	0.9971534604	0	0	0	1
0.59	0.9019543436	-0.05909928832	0	0.9978381786	0.06571886629	0	-0.06571886629	0.9978381786	0	0	0	1
0.6	0.9146229769	-0.07267471451	0	0.998410307	0.05636363161	0	-0.05636363161	0.998410307	0	0	0	1
0.61	0.92656468	-0.08612574016	0	0.9989072138	0.04673733292	0	-0.04673733292	0.9989072138	0	0	0	1
0.62	0.9382951106	-0.09847218738	0	0.9993059639	0.03725037614	0	-0.03725037614	0.9993059639	0	0	0	1
0.63	0.9500071756	-0.1094420443	0	0.9996603821	0.02605993972	0	-0.02605993972	0.9996603821	0	0	0	1
0.64	0.9612039287	-0.1179543663	0	0.9999392175	0.0110254873	0	-0.0110254873	0.9999392175	0	0	0	1
0.65	0.9711319137	-0.1228713203	0	0.9999559463	-0.009386449026	0	0.009386449026	0.9999559463	0	0	0	1
0.66	0.9798130668	-0.1242466704	0	0.999412774	-0.03426524653	0	0.03426524653	0.999412774	0	0	0	1
0.67	0.9877760809	-0.1224822856	0	0.9981091282	-0.06146680642	0	0.06146680642	0.9981091282	0	0	0	1
0.68	0.9956300478	-0.1182790297	0	0.996007487	-0.08926973646	0	0.08926973646	0.996007487	0	0	0	1
0.69	1.003856947	-0.112492922	0	0.9931838485	-0.1165583251	0	0.1165583251	0.9931838485	0	0	0	1
0.7	1.012764284	-0.1059435748	0	0.9898040811	-0.1424355329	0	0.1424355329	0.9898040811	0	0	0	1
0.71	1.022462919	-0.09925786107	0	0.9860996996	-0.1661546943	0	0.1661546943	0.9860996996	0	0	0	1
0.72	1.032857959	-0.09260639288	0	0.9823169335	-0.1872256452	0	0.1872256452	0.9823169335	0	0	0	1
0.73	1.043769254	-0.0859024552	0	0.9786082132	-0.2057327517	0	0.2057327517	0.9786082132	0	0	0	1
0.74	1.054966707	-0.0790843355	0	0.9749474368	-0.2224353737	0	0.2224353737	0.9749474368	0	0	0	1
0.75	1.06623058	-0.072126544	0	0.9712338393	-0.2381277585	0	0.2381277585	0.9712338393	0	0	0	1
0.76	1.07742937	-0.06503086303	0	0.9674351151	-0.253119138	0	0.253119138	0.9674351151	0	0	0	1
0.77	1.088537358	-0.05782289044	0	0.963632698	-0.2672302815	0	0.2672302815	0.963632698	0	0	0	1
0.78	1.099603156	-0.05055136343	0	0.9599774934	-0.2800771539	0	0.2800771539	0.9599774934	0	0	0	1
0.79	1.110705433	-0.04328335813	0	0.9566304952	-0.2913041291	0	0.2913041291	0.9566304952	0	0	0	1
0.8	1.121916625	-0.03609673533	0	0.9537334406	-0.3006534954	0	0.3006534954	0.9537334406	0	0	0	1
0.81	1.133276683	-0.02907362422	0	0.9513980875	-0.3079637626	0	0.3079637626	0.9513980875	0	0	0	1
0.82	1.144779866	-0.02229967104	0	0.9496929087	-0.3131826612	0	0.3131826612	0.9496929087	0	0	0	1
0.83	1.156376146	-0.01586444134	0	0.9486267356	-0.3163974028	0	0.3163974028	0.9486267356	0	0	0	1
0.84	1.167986063	-0.009860728882	0	0.9481476442	-0.3178302137	0	0.3178302137	0.9481476442	0	0	0	1
0.85	1.1795235	-0.004378873181	0	0.9481638753	-0.3177817891	0	0.3177817891	0.9481638753	0	0	0	1
0.86	1.190918027	0.0005014325106	0	0.9485734809	-0.3165570269	0	0.3165570269	0.9485734809	0	0	0	1
0.87	1.202130917	0.004719667106	0	0.9492874674	-0.3144094532	0	0.3144094532	0.9492874674	0	0	0	1
0.88	1.213163093	0.008241681636	0	0.950242779	-0.3115102904	0	0.3115102904	0.950242779	0	0	0	1
0.89	1.224054036	0.01106374881	0	0.9514067039	-0.3079371426	0	0.3079371426	0.9514067039	0	0	0	1
0.9	1.234872435	0.01321203141	0	0.9527737533	-0.3036810416	0	0.3036810416	0.9527737533	0	0	0	1
0.91	1.245701441	0.01473736592	0	0.954356917	-0.2986685035	0	0.2986685035	0.954356917	0	0	0	1
0.92	1.256622941	0.01570639409	0	0.956175434	-0.2927943637	0	0.2927943637	0.956175434	0	0	0	1
0.93	1.267703597	0.01618981476	0	0.9582421548	-0.2859579914	0	0.2859579914	0.9582421548	0	0	0	1
0.94	1.278985063	0.0162493653	0	0.9605524914	-0.2780987436	0	0.2780987436	0.9605524914	0	0	0	1
0.95	1.290479518	0.0159257775	0	0.9630778826	-0.269222941	0	0.269222941	0.9630778826	0	0	0	1
0.96	1.302169796	0.01522903547	0	0.9657651034	-0.2594181279	0	0.2594181279	0.9657651034	0	0	0	1
0.97	1.314013266	0.01413306231	0	0.9685413148	-0.2488528108	0	0.2488528108	0.9685413148	0	0	0	1
0.98	1.32594769	0.01257527296	0	0.9713232054	-0.2377629716	0	0.2377629716	0.9713232054	0	0	0	1
0.99	1.33789859	0.01046166085	0	0.9740282321	-0.2264265954	0	0.2264265954	0.9740282321	0	0	0	1
1	1.349786979	0.00767606457	0	0.976584732	-0.2151331245	0	0.2151331245	0.976584732	0	0	0	1
1.01	1.361537511	0.004092876594	0	0.9789394973	-0.2041505833	0	0.2041505833	0.9789394973	0	0	0	1
1.02	1.373082477	-0.000403656249	0	0.981060323	-0.193702459	0	0.193702459	0.981060323	0	0	0	1
1.03	1.384362119	-0.0058971128	0	0.9829369922	-0.1839425708	0	0.1839425708	0.9829369922	0	0	0	1
1.04	1.39538463	-0.0124535395	0	0.9845948455	-0.1748513375	0	0.1748513375	0.9845948455	0	0	0	1
1.05	1.406246475	-0.02011843204	0	0.9860725355	-0.1663158285	0	0.1663158285	0.9860725355	0	0	0	1
1.06	1.417064525	-0.02891680667	0	0.9873938416	-0.1582826635	0	0.1582826635	0.9873938416	0	0	0	1
1.07	1.427869247	-0.0388556143	0	0.9885633037	-0.1508064806	0	0.1508064806	0.9885633037	0	0	0	1
1.08	1.438583554	-0.04992284815	0	0.989587901	-0.1439297958	0	0.1439297958	0.989587901	0	0	0	1
1.09	1.449065287	-0.06208653748	0	0.9904875516	-0.1376023627	0	0.1376023627	0.9904875516	0	0	0	1
1.1	1.459093975	-0.07516166276	0	0.9911747722	-0.132561574	0	0.132561574	0.9911747722	0	0	0	1
1.11	1.468308381	-0.08779721574	0	0.9906081897	-0.1367311762	0	0.1367311762	0.9906081897	0	0	0	1
1.12	1.477568027	-0.09947883811	0	0.9902399263	-0.139373198	0	0.139373198	0.9902399263	0	0	0	1
1.13	1.486962715	-0.109764139	0	0.9910252418	-0.1336748669	0	0.1336748669	0.9910252418	0	0	0	1
1.14	1.495670267	-0.1171279544	0	0.9931501651	-0.1168449812	0	0.1168449812	0.9931501651	0	0	0	1
1.15	1.503118391	-0.1210923407	0	0.9953867408	-0.09594392209	0	0.09594392209	0.9953867408	0	0	0	1
1.16	1.509557375	-0.121780836	0	0.9972377633	-0.07427545685	0	0.07427545685	0.9972377633	0	0	0	1
1.17	1.515560289	-0.1196485494	0	0.9986371277	-0.05219087186	0	0.05219087186	0.9986371277	0	0	0	1
1.18	1.521672322	-0.1154176632	0	0.9995501557	-0.02999143561	0	0.02999143561	0.9995501557	0	0	0	1
1.19	1.528310834	-0.1099128751	0	0.9999631765	-0.008581704398	0	0.008581704398	0.9999631765	0	0	0	1
1.2	1.535748645	-0.1038809471	0	0.9999382722	0.01111088811	0	-0.01111088811	0.9999382722	0	0	0	1
1.21	1.544075698	-0.09783036846	0	0.9995952147	0.02845007433	0	-0.02845007433	0.9995952147	0	0	0	1
1.22	1.55320099	-0.09181470006	0	0.999085013	0.04276840965	0	-0.04276840965	0.999085013	0	0	0	1
1.23	1.562948923	-0.08573941646	0	0.9985135664	0.05450374106	0	-0.05450374106	0.9985135664	0	0	0	1
1.24	1.573086112	-0.07953105167	0	0.9979318749	0.06428042471	0	-0.06428042471	0.9979318749	0	0	0	1
1.25	1.583401028	-0.07314613	0	0.9973748258	0.07241171838	0	-0.07241171838	0.9973748258	0	0	0	1
1.26	1.59377211	-0.06657052848	0	0.9968699781	0.07905850216	0	-0.07905850216	0.9968699781	0	0	0	1
1.27	1.604174711	-0.05981833294	0	0.9964331708	0.08438563948	0	-0.08438563948	0.9964331708	0	0	0	1
1.28	1.614647948	-0.0529282096	0	0.9960669439	0.08860385598	0	-0.08860385598	0.9960669439	0	0	0	1
1.29	1.625253684	-0.04595577437	0	0.9957624817	0.09196238331	0	-0.09196238331	0.9957624817	0	0	0	1
1.3	1.636043054	-0.03896635368	0	0.9955025724	0.09473451531	0	-0.09473451531	0.9955025724	0	0	0	1
1.31	1.647032224	-0.03203187418	0	0.995264522	0.0972035554	0	-0.0972035554	0.995264522	0	0	0	1
1.32	1.658190959	-0.02523270387	0	0.9950217486	0.09965801394	0	-0.09965801394	0.9950217486	0	0	0	1
1.33	1.669446385	-0.0186608502	0	0.9947440888	0.1023923716	0	-0.1023923716	0.9947440888	0	0	0	1
1.34	1.68069963	-0.01241919307	0	0.9943987003	0.1056940153	0	-0.1056940153	0.9943987003	0	0	0	1
1.35	1.691848626	-0.006615239413	0	0.9939529504	0.1098067962	0	-0.1098067962	0.9939529504	0	0	0	1
1.36	1.702809942	-0.00135062981	0	0.9933793417	0.1148803007	0	-0.1148803007	0.9933793417	0	0	0	1
1.37	1.713534639	0.003290517319	0	0.9926612977	0.1209278632	0	-0.1209278632	0.9926612977	0	0	0	1
1.38	1.724016306	0.007252027866	0	0.9917985216	0.1278111599	0	-0.1278111599	0.9917985216	0	0	0	1
1.39	1.734289992	0.01051185872	0	0.9908106682	0.1352561264	0	-0.1352561264	0.9908106682	0	0	0	1
1.4	1.744422653	0.01308264538	0	0.9897384574	0.142890818	0	-0.142890818	0.9897384574	0	0	0	1
1.41	1.754497054	0.01500597148	0	0.9886414554	0.1502932889	0	-0.1502932889	0.9886414554	0	0	0	1
1.42	1.764594835	0.01634226616	0	0.9875927902	0.1570365583	0	-0.1570365583	0.9875927902	0	0	0	1
1.43	1.774782039	0.01715787883	0	0.9866696733	0.1627358465	0	-0.1627358465	0.9866696733	0	0	0	1
1.44	1.785099118	0.01751082977	0	0.9859415236	0.1670907301	0	-0.1670907301	0.9859415236	0	0	0	1
1.45	1.795556883	0.01743819715	0	0.9854595508	0.1699101933	0	-0.1699101933	0.9854595508	0	0	0	1
1.46	1.80613739	0.01694672188	0	0.9852503623	0.1711190332	0	-0.1711190332	0.9852503623	0	0	0	1
1.47	1.81679855	0.01600834002	0	0.9853152366	0.1707450864	0	-0.1707450864	0.9853152366	0	0	0	1
1.48	1.827480838	0.014561005	0	0.9856344593	0.1688926068	0	-0.1688926068	0.9856344593	0	0	0	1
1.49	1.838115225	0.01251473735	0	0.9861751193	0.1657064698	0	-0.1657064698	0.9861751193	0	0	0	1
1.5	1.848631548	0.009762090156	0	0.9868991927	0.161338103	0	-0.161338103	0.9868991927	0	0	0	1
1.51	1.859436944	0.006479083697	0	0.9861582854	0.1658066228	0	-0.1658066228	0.9861582854	0	0	0	1
1.52	1.869059863	0.002552327237	0	0.9856152486	0.1690046796	0	-0.1690046796	0.9856152486	0	0	0	1
1.53	1.877451749	-0.002046236412	0	0.9857812311	0.1680338193	0	-0.1680338193	0.9857812311	0	0	0	1
1.54	1.885353818	-0.007365108307	0	0.9863193421	0.1648458535	0	-0.1648458535	0.9863193421	0	0	0	1
1.55	1.893347308	-0.01348295473	0	0.9869907263	0.1607771941	0	-0.1607771941	0.9869907263	0	0	0	1
1.56	1.90177788	-0.02049258922	0	0.987722997	0.156215496	0	-0.156215496	0.987722997	0	0	0	1
1.57	1.910771746	-0.02850191037	0	0.9885346061	0.1509944787	0	-0.1509944787	0.9885346061	0	0	0	1
1.58	1.920285385	-0.03765825638	0	0.9893094481	0.1458314642	0	-0.1458314642	0.9893094481	0	0	0	1
1.59	1.930104473	-0.04801349512	0	0.9898902326	0.1418355645	0	-0.1418355645	0.9898902326	0	0	0	1
1.6	1.939883201	-0.05954102259	0	0.9902829939	0.1390668619	0	-0.1390668619	0.9902829939	0	0	0	1
1.61	1.949257461	-0.07213162074	0	0.990565345	0.1370412248	0	-0.1370412248	0.990565345	0	0	0	1
1.62	1.957750007	-0.084562781	0	0.9906538814	0.1363997333	0	-0.1363997333	0.9906538814	0	0	0	1
1.63	1.965856513	-0.09611310869	0	0.9903731021	0.1384236927	0	-0.1384236927	0.9903731021	0	0	0	1
1.64	1.973971566	-0.10673029	0	0.9904730527	0.1377066876	0	-0.1377066876	0.9904730527	0	0	0	1
1.65	1.981868926	-0.1153244315	0	0.9914264003	0.1306663414	0	-0.1306663414	0.9914264003	0	0	0	1
1.66	1.988967887	-0.1206552597	0	0.9931090612	0.1171938249	0	-0.1171938249	0.9931090612	0	0	0	1
1.67	1.995220491	-0.1225578197	0	0.9950543116	0.09933235596	0	-0.09933235596	0.9950543116	0	0	0	1
1.68	2.000885847	-0.1212758888	0	0.9969460506	0.07809335531	0	-0.07809335531	0.9969460506	0	0	0	1
1.69	2.006346347	-0.1174185999	0	0.9985379161	0.05405580549	0	-0.05405580549	0.9985379161	0	0	0	1
1.7	2.012047774	-0.1118664968	0	0.999596976	0.02838812367	0	-0.02838812367	0.999596976	0	0	0	1
1.71	2.018477044	-0.1055963784	0	0.999996235	0.002744070221	0	-0.002744070221	0.999996235	0	0	0	1
1.72	2.026095036	-0.09942105585	0	0.9997670727	-0.021582409	0	0.021582409	0.9997670727	0	0	0	1
1.73	2.035219135	-0.09365175336	0	0.9990229907	-0.04419348409	0	0.04419348409	0.9990229907	0	0	0	1
1.74	2.045925515	-0.08835412815	0	0.9978454005	-0.06560911995	0	0.06560911995	0.9978454005	0	0	0	1
1.75	2.057959228	-0.08345569088	0	0.9962404453	-0.08663125988	0	0.08663125988	0.9962404453	0	0	0	1
1.76	2.070828722	-0.0787922977	0	0.9941782198	-0.1077481656	0	0.1077481656	0.9941782198	0	0	0	1
1.77	2.083964152	-0.07419054554	0	0.9916194396	-0.1291932159	0	0.1291932159	0.9916194396	0	0	0	1
1.78	2.096846918	-0.06953569039	0	0.9885085872	-0.1511647217	0	0.1511647217	0.9885085872	0	0	0	1
1.79	2.10910333	-0.064799091	0	0.9847854557	-0.1737745844	0	0.1737745844	0.9847854557	0	0	0	1
1.8	2.12055224	-0.06002517235	0	0.9804386069	-0.1968251462	0	0.1968251462	0.9804386069	0	0	0	1
1.81	2.131199206	-0.05529637716	0	0.9755723462	-0.219678395	0	0.219678395	0.9755723462	0	0	0	1
1.82	2.141186149	-0.05069633581	0	0.9704443947	-0.2413248368	0	0.2413248368	0.9704443947	0	0	0	1
1.83	2.150719244	-0.04628353863	0	0.9654498088	-0.2605890765	0	0.2605890765	0.9654498088	0	0	0	1
1.84	2.160000774	-0.04207946845	0	0.9610571143	-0.2763498201	0	0.2763498201	0.9610571143	0	0	0	1
1.85	2.169182164	-0.0380693816	0	0.957723372	-0.2876907068	0	0.2876907068	0.957723372	0	0	0	1
1.86	2.178343381	-0.0342119349	0	0.9558155219	-0.2939671546	0	0.2939671546	0.9558155219	0	0	0	1
1.87	2.187497221	-0.03045402904	0	0.9555571532	-0.294805914	0	0.294805914	0.9555571532	0	0	0	1
1.88	2.196611209	-0.02674729049	0	0.957007454	-0.2900633258	0	0.2900633258	0.957007454	0	0	0	1
1.89	2.205635765	-0.0230633606	0	0.9600661822	-0.2797729896	0	0.2797729896	0.9600661822	0	0	0	1
1.9	2.21452756	-0.01940684816	0	0.9644873648	-0.2641289896	0	0.2641289896	0.9644873648	0	0	0	1
1.91	2.223260226	-0.01582550607	0	0.9698797704	-0.2435841354	0	0.2435841354	0.9698797704	0	0	0	1
1.92	2.231821623	-0.01241510935	0	0.9756838734	-0.219182525	0	0.219182525	0.9756838734	0	0	0	1
1.93	2.240207734	-0.009307365067	0	0.9811912266	-0.1930382782	0	0.1930382782	0.9811912266	0	0	0	1
1.94	2.248449633	-0.006627238263	0	0.9857382831	-0.1682855822	0	0.1682855822	0.9857382831	0	0	0	1
1.95	2.256701411	-0.004444072251	0	0.9890696864	-0.1474488228	0	0.1474488228	0.9890696864	0	0	0	1
1.96	2.265288012	-0.002774585952	0	0.9914315915	-0.1306269477	0	0.1306269477	0.9914315915	0	0	0	1
1.97	2.274566174	-0.001614433135	0	0.9931889474	-0.1165148695	0	0.1165148695	0.9931889474	0	0	0	1
1.98	2.284758998	-0.0009392020459	0	0.9945272593	-0.1044774163	0	0.1044774163	0.9945272593	0	0	0	1
1.99	2.295957762	-0.00071070794	0	0.9955386062	-0.09435509344	0	0.09435509344	0.9955386062	0	0	0	1
2	2.308153997	-0.000903923558	0	0.9963126012	-0.08579743982	0	0.08579743982	0.9963126012	0	0	0	1
2.01	2.321218749	-0.001521906063	0	0.9969027289	-0.07864444781	0	0.07864444781	0.9969027289	0	0	0	1
2.02	2.334922374	-0.002604050098	0	0.9973235729	-0.0731142327	0	0.0731142327	0.9973235729	0	0	0	1
2.03	2.348990389	-0.004232030215	0	0.9975790237	-0.06954201256	0	0.06954201256	0.9975790237	0	0	0	1
2.04	2.36314752	-0.006522842317	0	0.9976719763	-0.06819551072	0	0.06819551072	0.9976719763	0	0	0	1
2.05	2.377148006	-0.009609851806	0	0.9976024433	-0.06920523857	0	0.06920523857	0.9976024433	0	0	0	1
2.06	2.390799318	-0.01361446136	0	0.9973670865	-0.0725182378	0	0.0725182378	0.9973670865	0	0	0	1
2.07	2.403968847	-0.01859043601	0	0.9969639356	-0.07786469801	0	0.07786469801	0.9969639356	0	0	0	1
2.08	2.416637576	-0.02454453094	0	0.9964127949	-0.08462589476	0	0.08462589476	0.9964127949	0	0	0	1
2.09	2.428927745	-0.03148883023	0	0.9957361721	-0.09224681858	0	0.09224681858	0.9957361721	0	0	0	1
2.1	2.441003145	-0.03943936598	0	0.9949494466	-0.1003772822	0	0.1003772822	0.9949494466	0	0	0	1
2.11	2.452996082	-0.04840778012	0	0.9940844224	-0.1086101339	0	0.1086101339	0.9940844224	0	0	0	1
2.12	2.464970838	-0.05839684192	0	0.9931915062	-0.1164930556	0	0.1164930556	0.9931915062	0	0	0	1
2.13	2.476903638	-0.06934172123	0	0.992250524	-0.1242533608	0	0.1242533608	0.992250524	0	0	0	1
2.14	2.488727882	-0.08031111092	0	0.9912227212	-0.1322025603	0	0.1322025603	0.9912227212	0	0	0	1
2.15	2.500348895	-0.09065297172	0	0.9907743666	-0.1355217857	0	0.1355217857	0.9907743666	0	0	0	1
2.16	2.511582854	-0.1002028114	0	0.9908403715	-0.1350383582	0	0.1350383582	0.9908403715	0	0	0	1
2.17	2.52237442	-0.1087411401	0	0.9911844446	-0.1324892329	0	0.1324892329	0.9911844446	0	0	0	1
2.18	2.532770209	-0.1159438321	0	0.991828264	-0.1275801506	0	0.1275801506	0.991828264	0	0	0	1
2.19	2.542562117	-0.1207716112	0	0.9933053082	-0.1155186767	0	0.1155186767	0.9933053082	0	0	0	1
2.2	2.551597474	-0.1229179567	0	0.9949684166	-0.1001890708	0	0.1001890708	0.9949684166	0	0	0	1
2.21	2.560085909	-0.1226258954	0	0.9964297296	-0.08442626384	0	0.08442626384	0.9964297296	0	0	0	1
2.22	2.568355529	-0.120352595	0	0.9976582665	-0.06839578378	0	0.06839578378	0.9976582665	0	0	0	1
2.23	2.576694317	-0.1166549657	0	0.9986607717	-0.05173647786	0	0.05173647786	0.9986607717	0	0	0	1
2.24	2.585280797	-0.1120872682	0	0.9993990948	-0.03466192998	0	0.03466192998	0.9993990948	0	0	0	1
2.25	2.594162533	-0.1071324273	0	0.9998418426	-0.01778453537	0	0.01778453537	0.9998418426	0	0	0	1
2.26	2.603263884	-0.1021581934	0	0.9999984257	-0.00177443956	0	0.00177443956	0.9999984257	0	0	0	1
2.27	2.612438067	-0.09728089304	0	0.9999240808	0.01232204211	0	-0.01232204211	0.9999240808	0	0	0	1
2.28	2.621581566	-0.09246368262	0	0.9996923712	0.02480248076	0	-0.02480248076	0.9996923712	0	0	0	1
2.29	2.630595505	-0.08768783008	0	0.9993223008	0.03680949791	0	-0.03680949791	0.9993223008	0	0	0	1
2.3	2.639387228	-0.0829527047	0	0.9988085254	0.04880091852	0	-0.04880091852	0.9988085254	0	0	0	1
2.31	2.64792714	-0.07826647842	0	0.9981623572	0.06059627552	0	-0.06059627552	0.9981623572	0	0	0	1
2.32	2.656261754	-0.07364390716	0	0.9974110815	0.07191060007	0	-0.07191060007	0.9974110815	0	0	0	1
2.33	2.664482741	-0.06910645906	0	0.9965840852	0.08258426704	0	-0.08258426704	0.9965840852	0	0	0	1
2.34	2.672691112	-0.0646782158	0	0.995707715	0.09255347764	0	-0.09255347764	0.995707715	0	0	0	1
2.35	2.680974724	-0.06037733467	0	0.9948054031	0.1017949406	0	-0.1017949406	0.9948054031	0	0	0	1
2.36	2.68939594	-0.05620784379	0	0.9938973166	0.1103092205	0	-0.1103092205	0.9938973166	0	0	0	1
2.37	2.697982491	-0.05215621603	0	0.9930002696	0.1181120851	0	-0.1181120851	0.9930002696	0	0	0	1
2.38	2.706725535	-0.04819521122	0	0.9921278036	0.125229475	0	-0.125229475	0.9921278036	0	0	0	1
2.39	2.715588406	-0.04429269435	0	0.9912880223	0.1317120221	0	-0.1317120221	0.9912880223	0	0	0	1
2.4	2.724523942	-0.04042130411	0	0.9904794396	0.1376607411	0	-0.1376607411	0.9904794396	0	0	0	1
2.41	2.733492662	-0.03656512846	0	0.9896881314	0.1432389705	0	-0.1432389705	0.9896881314	0	0	0	1
2.42	2.742474512	-0.03272284209	0	0.9888886212	0.148658316	0	-0.148658316	0.9888886212	0	0	0	1
2.43	2.751470911	-0.02890850027	0	0.9880474169	0.154150258	0	-0.154150258	0.9880474169	0	0	0	1
2.44	2.760499147	-0.02515143945	0	0.9871267815	0.1599397299	0	-0.1599397299	0.9871267815	0	0	0	1
2.45	2.769583824	-0.02149558107	0	0.9860875137	0.1662269991	0	-0.1662269991	0.9860875137	0	0	0	1
2.46	2.778749498	-0.01799704765	0	0.9848922342	0.1731683776	0	-0.1731683776	0.9848922342	0	0	0	1
2.47	2.788017162	-0.0147194501	0	0.9835107355	0.1808497531	0	-0.1808497531	0.9835107355	0	0	0	1
2.48	2.797405381	-0.01172728036	0	0.9819278095	0.1892558504	0	-0.1892558504	0.9819278095	0	0	0	1
2.49	2.806935481	-0.009077894735	0	0.9801517191	0.1982488526	0	-0.1982488526	0.9801517191	0	0	0	1
2.5	2.816639295	-0.006813781524	0	0.9782196969	0.2075722153	0	-0.2075722153	0.9782196969	0	0	0	1
2.51	2.826564911	-0.004956214266	0	0.9761981481	0.2168805561	0	-0.2168805561	0.9761981481	0	0	0	1
2.52	2.836775813	-0.003504773369	0	0.9741784416	0.2257794587	0	-0.2257794587	0.9741784416	0	0	0	1
2.53	2.847340624	-0.002439486191	0	0.9722701143	0.2338606956	0	-0.2338606956	0.9722701143	0	0	0	1
2.54	2.858320643	-0.001727010609	0	0.9705900371	0.2407384057	0	-0.2407384057	0.9705900371	0	0	0	1
2.55	2.86975976	-0.001330023156	0	0.9692470061	0.2460899045	0	-0.2460899045	0.9692470061	0	0	0	1
2.56	2.881676324	-0.001219149323	0	0.9683275263	0.2496834031	0	-0.2496834031	0.9683275263	0	0	0	1
2.57	2.894056652	-0.001385366272	0	0.9678845434	0.2513951284	0	-0.2513951284	0.9678845434	0	0	0	1
2.58	2.906852851	-0.001850682738	0	0.9679283307	0.2512264846	0	-0.2512264846	0.9679283307	0	0	0	1
2.59	2.919984459	-0.002674615615	0	0.9684234358	0.2493111491	0	-0.2493111491	0.9684234358	0	0	0	1
2.6	2.933341933	-0.003954479118	0	0.9692945387	0.2459026173	0	-0.2459026173	0.9692945387	0	0	0	1
2.61	2.946793003	-0.00581788367	0	0.9704410747	0.2413381869	0	-0.2413381869	0.9704410747	0	0	0	1
2.62	2.960192397	-0.008406106639	0	0.9717556021	0.2359895121	0	-0.2359895121	0.9717556021	0	0	0	1
2.63	2.973389415	-0.01183517498	0	0.9731442211	0.230196275	0	-0.230196275	0.9731442211	0	0	0	1
2.64	2.986241614	-0.0161413548	0	0.9747894006	0.2231269247	0	-0.2231269247	0.9747894006	0	0	0	1
2.65	2.998725738	-0.02134549139	0	0.9768055103	0.2141284545	0	-0.2141284545	0.9768055103	0	0	0	1
2.66	3.010916553	-0.02747479273	0	0.979040422	0.2036660305	0	-0.2036660305	0.979040422	0	0	0	1
2.67	3.02290706	-0.03455826673	0	0.9813092258	0.1924375313	0	-0.1924375313	0.9813092258	0	0	0	1
2.68	3.034763322	-0.04262360251	0	0.9835025697	0.1808941551	0	-0.1808941551	0.9835025697	0	0	0	1
2.69	3.046505585	-0.05169213518	0	0.9855774864	0.1692247567	0	-0.1692247567	0.9855774864	0	0	0	1
2.7	3.058113419	-0.06177481308	0	0.9875211208	0.1574866217	0	-0.1574866217	0.9875211208	0	0	0	1
2.71	3.069484633	-0.07271462051	0	0.9893262565	0.1457173917	0	-0.1457173917	0.9893262565	0	0	0	1
2.72	3.080524219	-0.08336357728	0	0.9907569496	0.1356490575	0	-0.1356490575	0.9907569496	0	0	0	1
2.73	3.091483514	-0.09337023525	0	0.9919871204	0.1263390401	0	-0.1263390401	0.9919871204	0	0	0	1
2.74	3.102273688	-0.1026092368	0	0.9934182855	0.1145430489	0	-0.1145430489	0.9934182855	0	0	0	1
2.75	3.112834383	-0.1108429895	0	0.9950236815	0.09963871324	0	-0.09963871324	0.9950236815	0	0	0	1
2.76	3.123076129	-0.1174544219	0	0.9966413682	0.0818900678	0	-0.0818900678	0.9966413682	0	0	0	1
2.77	3.132604911	-0.1214061635	0	0.9981069074	0.06150285681	0	-0.06150285681	0.9981069074	0	0	0	1
2.78	3.141343342	-0.1226696177	0	0.999211482	0.03970408244	0	-0.03970408244	0.999211482	0	0	0	1
2.79	3.149527024	-0.1215731483	0	0.9998500956	0.01731433769	0	-0.01731433769	0.9998500956	0	0	0	1
2.8	3.157490747	-0.1186365961	0	0.9999853291	-0.005416795566	0	0.005416795566	0.9999853291	0	0	0	1
2.81	3.165535786	-0.1144533303	0	0.9996039719	-0.02814070558	0	0.02814070558	0.9996039719	0	0	0	1
2.82	3.173864991	-0.1095903895	0	0.9987422544	-0.05013890025	0	0.05013890025	0.9987422544	0	0	0	1
2.83	3.182551502	-0.1045230426	0	0.9975025944	-0.07062983939	0	0.07062983939	0.9975025944	0	0	0	1
2.84	3.191536929	-0.09957259321	0	0.9960185664	-0.08914603417	0	0.08914603417	0.9960185664	0	0	0	1
2.85	3.200697989	-0.09477948983	0	0.9944104213	-0.1055836824	0	0.1055836824	0.9944104213	0	0	0	1
2.86	3.209925156	-0.09010556104	0	0.9927205484	-0.1204404951	0	0.1204404951	0.9927205484	0	0	0	1
2.87	3.219080281	-0.08552881689	0	0.9908998503	-0.1346012138	0	0.1346012138	0.9908998503	0	0	0	1
2.88	3.228039726	-0.08103824264	0	0.9888935128	-0.1486257725	0	0.1486257725	0.9888935128	0	0	0	1
2.89	3.236752129	-0.07662977017	0	0.9867068854	-0.1625100686	0	0.1625100686	0.9867068854	0	0	0	1
2.9	3.245241485	-0.07230787024	0	0.9844017111	-0.1759354179	0	0.1759354179	0.9844017111	0	0	0	1
2.91	3.253577312	-0.06808617549	0	0.9820619128	-0.1885587429	0	0.1885587429	0.9820619128	0	0	0	1
2.92	3.261845773	-0.06398229402	0	0.9797716086	-0.2001189519	0	0.2001189519	0.9797716086	0	0	0	1
2.93	3.270129931	-0.06000839521	0	0.9776146817	-0.2104032653	0	0.2104032653	0.9776146817	0	0	0	1
2.94	3.278494586	-0.05616286406	0	0.9756808156	-0.2191961359	0	0.2191961359	0.9756808156	0	0	0	1
2.95	3.286972916	-0.05242719133	0	0.9740615467	-0.2262832366	0	0.2262832366	0.9740615467	0	0	0	1
2.96	3.295562239	-0.04876986339	0	0.9728349093	-0.2314999769	0	0.2314999769	0.9728349093	0	0	0	1
2.97	3.304232184	-0.04515460906	0	0.9720497953	-0.234774776	0	0.234774776	0.9720497953	0	0	0	1
2.98	3.312941835	-0.04154925622	0	0.9717218676	-0.2361283804	0	0.2361283804	0.9717218676	0	0	0	1
2.99	3.321657373	-0.03793193071	0	0.9718427996	-0.2356301611	0	0.2356301611	0.9718427996	0	0	0	1
3	3.330363567	-0.03429454188	0	0.9723934109	-0.2333474972	0	0.2333474972	0.9723934109	0	0	0	1
3.01	3.339066315	-0.03064441283	0	0.973349832	-0.2293253246	0	0.2293253246	0.973349832	0	0	0	1
3.02	3.34778782	-0.02700486711	0	0.9746791593	-0.2236079972	0	0.2236079972	0.9746791593	0	0	0	1
3.03	3.356558451	-0.02341477312	0	0.976330063	-0.2162859405	0	0.2162859405	0.976330063	0	0	0	1
3.04	3.36540907	-0.01992679761	0	0.9782259179	-0.2075428957	0	0.2075428957	0.9782259179	0	0	0	1
3.05	3.374365908	-0.01660362249	0	0.9802648095	-0.1976889053	0	0.1976889053	0.9802648095	0	0	0	1
3.06	3.383449762	-0.01351212351	0	0.9823273799	-0.1871708274	0	0.1871708274	0.9823273799	0	0	0	1
3.07	3.392680258	-0.01071593262	0	0.9842924232	-0.1765458176	0	0.1765458176	0.9842924232	0	0	0	1
3.08	3.402084225	-0.008267153454	0	0.9860593446	-0.1663940171	0	0.1663940171	0.9860593446	0	0	0	1
3.09	3.411703728	-0.006199284089	0	0.9875696996	-0.1571817052	0	0.1571817052	0.9875696996	0	0	0	1
3.1	3.421597588	-0.004524482797	0	0.9888111955	-0.1491724494	0	0.1491724494	0.9888111955	0	0	0	1
3.11	3.431832123	-0.00323392085	0	0.9898028222	-0.1424442812	0	0.1424442812	0.9898028222	0	0	0	1
3.12	3.442469152	-0.002303057234	0	0.9905747548	-0.1369731917	0	0.1369731917	0.9905747548	0	0	0	1
3.13	3.453556109	-0.001698232689	0	0.9911610205	-0.132664356	0	0.132664356	0.9911610205	0	0	0	1
3.14	3.465118559	-0.001387129563	0	0.9915962488	-0.1293710914	0	0.1293710914	0.9915962488	0	0	0	1
3.15	3.47715332	-0.001350291471	0	0.991909823	-0.1269444879	0	0.1269444879	0.991909823	0	0	0	1
3.16	3.489626069	-0.001592417208	0	0.9921228744	-0.1252685196	0	0.1252685196	0.9921228744	0	0	0	1
3.17	3.502471724	-0.002150147273	0	0.9922499559	-0.1242578976	0	0.1242578976	0.9922499559	0	0	0	1
3.18	3.515599036	-0.00309701581	0	0.992299814	-0.1238591104	0	0.1238591104	0.992299814	0	0	0	1
3.19	3.528894039	-0.004539740152	0	0.992278016	-0.1240336202	0	0.1240336202	0.992278016	0	0	0	1
3.2	3.542226538	-0.006608573753	0	0.9921887397	-0.1247457605	0	0.1247457605	0.9921887397	0	0	0	1
3.21	3.555460003	-0.009439907521	0	0.9920373441	-0.1259440666	0	0.1259440666	0.9920373441	0	0	0	1
3.22	3.568454989	-0.01312964853	0	0.9918319437	-0.1275515401	0	0.1275515401	0.9918319437	0	0	0	1
3.23	3.581098149	-0.01770323615	0	0.9916064691	-0.1292927316	0	0.1292927316	0.9916064691	0	0	0	1
3.24	3.593398165	-0.0231812025	0	0.9914053717	-0.1308257962	0	0.1308257962	0.9914053717	0	0	0	1
3.25	3.605437802	-0.02958928772	0	0.9912324993	-0.1321292259	0	0.1321292259	0.9912324993	0	0	0	1
3.26	3.617303579	-0.0369543338	0	0.991083522	-0.1332420823	0	0.1332420823	0.991083522	0	0	0	1
3.27	3.629048348	-0.04530088313	0	0.9909682617	-0.1340966228	0	0.1340966228	0.9909682617	0	0	0	1
3.28	3.64067961	-0.05464647321	0	0.9908996559	-0.1346026449	0	0.1346026449	0.9908996559	0	0	0	1
3.29	3.652168454	-0.06499819334	0	0.9908830776	-0.1347246322	0	0.1347246322	0.9908830776	0	0	0	1
3.3	3.663346376	-0.07592764977	0	0.9906224228	-0.1366280184	0	0.1366280184	0.9906224228	0	0	0	1
3.31	3.674284157	-0.08632735836	0	0.989933804	-0.1415311407	0	0.1415311407	0.989933804	0	0	0	1
3.32	3.685115365	-0.0960510777	0	0.9895557032	-0.1441509981	0	0.1441509981	0.9895557032	0	0	0	1
3.33	3.695745497	-0.1049372079	0	0.9896859405	-0.1432541069	0	0.1432541069	0.9896859405	0	0	0	1
3.34	3.706148916	-0.112739272	0	0.9902134727	-0.1395610208	0	0.1395610208	0.9902134727	0	0	0	1
3.35	3.716216756	-0.1187208771	0	0.9914843489	-0.1302259031	0	0.1302259031	0.9914843489	0	0	0	1
3.36	3.725586004	-0.1220330452	0	0.9933148315	-0.1154367602	0	0.1154367602	0.9933148315	0	0	0	1
3.37	3.734255739	-0.1227573984	0	0.9950162142	-0.09971325618	0	0.09971325618	0.9950162142	0	0	0	1
3.38	3.742483429	-0.121272199	0	0.9964529892	-0.08415129408	0	0.08415129408	0.9964529892	0	0	0	1
3.39	3.750587405	-0.1181163171	0	0.9976670656	-0.06826731405	0	0.06826731405	0.9976670656	0	0	0	1
3.4	3.758828796	-0.1138706827	0	0.9986537506	-0.05187182632	0	0.05187182632	0.9986537506	0	0	0	1
3.41	3.767359076	-0.1090676821	0	0.9993730758	-0.03540417225	0	0.03540417225	0.9993730758	0	0	0	1
3.42	3.776199339	-0.1041388147	0	0.999810495	-0.0194672558	0	0.0194672558	0.999810495	0	0	0	1
3.43	3.785250031	-0.0993588988	0	0.9999887439	-0.004744683969	0	0.004744683969	0.9999887439	0	0	0	1
3.44	3.79437162	-0.09474260833	0	0.9999673109	0.008085618565	0	-0.008085618565	0.9999673109	0	0	0	1
3.45	3.803455443	-0.09024946722	0	0.9998026283	0.01986717242	0	-0.01986717242	0.9998026283	0	0	0	1
3.46	3.812382022	-0.08585845894	0	0.9995033796	0.03151180919	0	-0.03151180919	0.9995033796	0	0	0	1
3.47	3.821061229	-0.08156101134	0	0.9990667581	0.04319273982	0	-0.04319273982	0.9990667581	0	0	0	1
3.48	3.829477575	-0.07735553437	0	0.9985036023	0.05468597747	0	-0.05468597747	0.9985036023	0	0	0	1
3.49	3.837683619	-0.07324748924	0	0.997834235	0.06577871576	0	-0.06577871576	0.997834235	0	0	0	1
3.5	3.845766387	-0.06924870842	0	0.9970802615	0.07636067139	0	-0.07636067139	0.9970802615	0	0	0	1
3.51	3.853817964	-0.0653717539	0	0.9962627666	0.08637418486	0	-0.08637418486	0.9962627666	0	0	0	1
3.52	3.861917206	-0.06162128236	0	0.9954021924	0.09578348169	0	-0.09578348169	0.9954021924	0	0	0	1
3.53	3.870117277	-0.05798730147	0	0.9945175981	0.1045693414	0	-0.1045693414	0.9945175981	0	0	0	1
3.54	3.878437314	-0.05444390646	0	0.9936265598	0.112722046	0	-0.112722046	0.9936265598	0	0	0	1
3.55	3.886863087	-0.05095427905	0	0.9927448422	0.1202400859	0	-0.1202400859	0.9927448422	0	0	0	1
3.56	3.895358447	-0.047479078	0	0.9918839871	0.1271461996	0	-0.1271461996	0.9918839871	0	0	0	1
3.57	3.903883343	-0.04398490289	0	0.991047717	0.1335081371	0	-0.1335081371	0.991047717	0	0	0	1
3.58	3.912410064	-0.04044972345	0	0.9902297829	0.1394452473	0	-0.1394452473	0.9902297829	0	0	0	1
3.59	3.920932377	-0.03686568839	0	0.9894147423	0.14511536	0	-0.14511536	0.9894147423	0	0	0	1
3.6	3.929465525	-0.03323997971	0	0.9885801343	0.1506961114	0	-0.1506961114	0.9885801343	0	0	0	1
3.61	3.938039416	-0.02959485754	0	0.9876986084	0.1563696228	0	-0.1563696228	0.9876986084	0	0	0	1
3.62	3.946689062	-0.02596671743	0	0.9867391168	0.1623142491	0	-0.1623142491	0.9867391168	0	0	0	1
3.63	3.955446609	-0.02240497322	0	0.985667973	0.1686969089	0	-0.1686969089	0.985667973	0	0	0	1
3.64	3.964335603	-0.01896890494	0	0.9844525129	0.1756509317	0	-0.1756509317	0.9844525129	0	0	0	1
3.65	3.973370092	-0.01572364822	0	0.9830667645	0.1832477462	0	-0.1832477462	0.9830667645	0	0	0	1
3.66	3.982558552	-0.01273465947	0	0.9814988085	0.1914682452	0	-0.1914682452	0.9814988085	0	0	0	1
3.67	3.991912246	-0.0100605908	0	0.9797575166	0.2001879336	0	-0.2001879336	0.9797575166	0	0	0	1
3.68	4.00145508	-0.007746132058	0	0.9778762266	0.2091843338	0	-0.2091843338	0.9778762266	0	0	0	1
3.69	4.011229124	-0.0058170528	0	0.9759128642	0.2181606782	0	-0.2181606782	0.9759128642	0	0	0	1
3.7	4.021290972	-0.00427882973	0	0.9739477085	0.2267727081	0	-0.2267727081	0.9739477085	0	0	0	1
3.71	4.031701419	-0.003118380511	0	0.9720785548	0.2346556695	0	-0.2346556695	0.9720785548	0	0	0	1
3.72	4.042514559	-0.002308890615	0	0.9704099071	0.2414634801	0	-0.2414634801	0.9704099071	0	0	0	1
3.73	4.053769445	-0.001817690116	0	0.9690411338	0.2468993339	0	-0.2468993339	0.9690411338	0	0	0	1
3.74	4.065482082	-0.001616637528	0	0.968055349	0.2507365974	0	-0.2507365974	0.968055349	0	0	0	1
3.75	4.077640041	-0.001693386205	0	0.9675088276	0.2528372371	0	-0.2528372371	0.9675088276	0	0	0	1
3.76	4.090201529	-0.002061800528	0	0.9674211102	0.2531726594	0	-0.2531726594	0.9674211102	0	0	0	1
3.77	4.103096823	-0.002769253585	0	0.9677705907	0.2518334446	0	-0.2518334446	0.9677705907	0	0	0	1
3.78	4.116230787	-0.003898534253	0	0.9684979372	0.2490215767	0	-0.2490215767	0.9684979372	0	0	0	1
3.79	4.129487105	-0.005563098414	0	0.969516881	0.2450245243	0	-0.2450245243	0.969516881	0	0	0	1
3.8	4.142735429	-0.007895300126	0	0.9707307396	0.2401704213	0	-0.2401704213	0.9707307396	0	0	0	1
3.81	4.155841362	-0.01102388141	0	0.9720397678	0.2348162895	0	-0.2348162895	0.9720397678	0	0	0	1
3.82	4.168664696	-0.01501373339	0	0.973486439	0.2287447335	0	-0.2287447335	0.973486439	0	0	0	1
3.83	4.181130783	-0.01988410733	0	0.9752827811	0.2209603968	0	-0.2209603968	0.9752827811	0	0	0	1
3.84	4.19328254	-0.02565962701	0	0.9773756674	0.2115107675	0	-0.2115107675	0.9773756674	0	0	0	1
3.85	4.20520676	-0.03236859704	0	0.9795846508	0.2010321164	0	-0.2010321164	0.9795846508	0	0	0	1
3.86	4.216977955	-0.04003947441	0	0.9817732167	0.1900561783	0	-0.1900561783	0.9817732167	0	0	0	1
3.87	4.228631053	-0.04869671822	0	0.9838770713	0.1788460471	0	-0.1788460471	0.9838770713	0	0	0	1
3.88	4.240158402	-0.05835618947	0	0.98587324	0.1674931483	0	-0.1674931483	0.98587324	0	0	0	1
3.89	4.251511608	-0.06899626785	0	0.987754881	0.1560137658	0	-0.1560137658	0.987754881	0	0	0	1
3.9	4.262475363	-0.07972854721	0	0.9893730571	0.1453992913	0	-0.1453992913	0.9893730571	0	0	0	1
3.91	4.273320451	-0.08983789584	0	0.9906132933	0.1366941954	0	-0.1366941954	0.9906132933	0	0	0	1
3.92	4.284048744	-0.09924303659	0	0.9919683222	0.1264865516	0	-0.1264865516	0.9919683222	0	0	0	1
3.93	4.294587914	-0.1077452044	0	0.9935708285	0.1132122285	0	-0.1132122285	0.9935708285	0	0	0	1
3.94	4.304919333	-0.1150378099	0	0.9952741121	0.09710531259	0	-0.09710531259	0.9952741121	0	0	0	1
3.95	4.314790542	-0.1201046775	0	0.996936579	0.07821417673	0	-0.07821417673	0.996936579	0	0	0	1
3.96	4.323912632	-0.1224868403	0	0.9983577012	0.05728787356	0	-0.05728787356	0.9983577012	0	0	0	1
3.97	4.332393342	-0.1223891686	0	0.9993698531	0.0354950238	0	-0.0354950238	0.9993698531	0	0	0	1
3.98	4.340524384	-0.1202540708	0	0.9999117156	0.01328762528	0	-0.01328762528	0.9999117156	0	0	0	1
3.99	4.34861195	-0.1166443225	0	0.9999582507	-0.009137663666	0	0.009137663666	0.9999582507	0	0	0	1
4	4.356887766	-0.1121327158	0	0.9995107162	-0.03127823874	0	0.03127823874	0.9995107162	0	0	0	1
4.01	4.365469174	-0.1072243081	0	0.9986273917	-0.05237683147	0	0.05237683147	0.9986273917	0	0	0	1
4.02	4.37434628	-0.1023128154	0	0.9974173732	-0.07182328029	0	0.07182328029	0.9974173732	0	0	0	1
4.03	4.383403811	-0.09757711606	0	0.9960002221	-0.08935075572	0	0.08935075572	0.9960002221	0	0	0	1
4.04	4.392528205	-0.09298817995	0	0.9944636224	-0.1050814143	0	0.1050814143	0.9944636224	0	0	0	1
4.05	4.401609319	-0.08851432534	0	0.9928073851	-0.11972258	0	0.11972258	0.9928073851	0	0	0	1
4.06	4.410525322	-0.08413945439	0	0.9909787185	-0.1340193251	0	0.1340193251	0.9909787185	0	0	0	1
4.07	4.419200815	-0.07985565034	0	0.9889550336	-0.1482158613	0	0.1482158613	0.9889550336	0	0	0	1
4.08	4.427636167	-0.07566126115	0	0.9867748904	-0.1620966246	0	0.1620966246	0.9867748904	0	0	0	1
4.09	4.435888635	-0.07156240498	0	0.9845150992	-0.1752997987	0	0.1752997987	0.9845150992	0	0	0	1
4.1	4.444040464	-0.06757117213	0	0.9822599065	-0.1875246012	0	0.1875246012	0.9822599065	0	0	0	1
4.11	4.452175649	-0.0636985998	0	0.9800897081	-0.1985551914	0	0.1985551914	0.9800897081	0	0	0	1
