0	0.09468442194	-0.3799882347	0	0.9644613221	-0.2642240682	0	0.2642240682	0.9644613221	0	0	0	1
0.01	0.1160238663	-0.3799897657	0	0.9679740571	-0.2510502435	0	0.2510502435	0.9679740571	0	0	0	1
0.02	0.1390654184	-0.3808051422	0	0.974612951	-0.2238963949	0	0.2238963949	0.974612951	0	0	0	1
0.03	0.1626276673	-0.3828866196	0	0.9821282578	-0.1882128721	0	0.1882128721	0.9821282578	0	0	0	1
0.04	0.1868367044	-0.3861088128	0	0.9892759235	-0.1460587113	0	0.1460587113	0.9892759235	0	0	0	1
0.05	0.2114368331	-0.3903749107	0	0.9947573437	-0.1022635182	0	0.1022635182	0.9947573437	0	0	0	1
0.06	0.2359456597	-0.3956516594	0	0.9980467711	-0.06247113561	0	0.06247113561	0.9980467711	0	0	0	1
0.07	0.260012759	-0.4018986383	0	0.9995346661	-0.0305033008	0	0.0305033008	0.9995346661	0	0	0	1
0.08	0.2833978421	-0.4090936119	0	0.9999685213	-0.00793450962	0	0.00793450962	0.9999685213	0	0	0	1
0.09	0.3058786971	-0.4172673826	0	0.9999850264	0.005472381439	0	-0.005472381439	0.9999850264	0	0	0	1
0.1	0.3272393738	-0.4265014143	0	0.9999364409	0.01127448736	0	-0.01127448736	0.9999364409	0	0	0	1
0.11	0.3472839985	-0.4369020807	0	0.9999307133	0.01177151958	0	-0.01177151958	0.9999307133	0	0	0	1
0.12	0.3658362978	-0.4485688148	0	0.999955945	0.009386593431	0	-0.009386593431	0.999955945	0	0	0	1
0.13	0.3827355275	-0.4615654229	0	0.9999808378	0.006190634156	0	-0.006190634156	0.9999808378	0	0	0	1
0.14	0.3978450224	-0.4759023623	0	0.9999932051	0.003686430562	0	-0.003686430562	0.9999932051	0	0	0	1
0.15	0.4110743445	-0.4915352538	0	0.999995972	0.002838314482	0	-0.002838314482	0.999995972	0	0	0	1
0.16	0.4231628809	-0.5079771609	0	0.9999401222	0.01094313054	0	-0.01094313054	0.9999401222	0	0	0	1
0.17	0.435332071	-0.5230772881	0	0.9995118627	0.03124157847	0	-0.03124157847	0.9995118627	0	0	0	1
0.18	0.4441292745	-0.5369177172	0	0.9988150973	0.04866622372	0	-0.04866622372	0.9988150973	0	0	0	1
0.19	0.4465478347	-0.5479863701	0	0.9984843889	0.05503567205	0	-0.05503567205	0.9984843889	0	0	0	1
0.2	0.4464409404	-0.5544924594	0	0.9986013687	0.05287065785	0	-0.05287065785	0.9986013687	0	0	0	1
0.21	0.4472463523	-0.5562249491	0	0.9986941158	0.05108877571	0	-0.05108877571	0.9986941158	0	0	0	1
0.22	0.4498434455	-0.5541254993	0	0.9986288143	0.05234970179	0	-0.05234970179	0.9986288143	0	0	0	1
0.23	0.4537367752	-0.549550174	0	0.9984345411	0.05593270115	0	-0.05593270115	0.9984345411	0	0	0	1
0.24	0.4584007575	-0.5435821117	0	0.9981514207	0.06077615723	0	-0.06077615723	0.9981514207	0	0	0	1
0.25	0.464069984	-0.5368149027	0	0.9977339454	0.067282792	0	-0.067282792	0.9977339454	0	0	0	1
0.26	0.4716630405	-0.5292362442	0	0.9970129065	0.07723512272	0	-0.07723512272	0.9970129065	0	0	0	1
0.27	0.4813209048	-0.5208007737	0	0.9958939585	0.09052747281	0	-0.09052747281	0.9958939585	0	0	0	1
0.28	0.4924456543	-0.5116076443	0	0.9944185298	0.1055072866	0	-0.1055072866	0.9944185298	0	0	0	1
0.29	0.5042470636	-0.5018247226	0	0.9927314599	0.1203505235	0	-0.1203505235	0.9927314599	0	0	0	1
0.3	0.5160621253	-0.4916430366	0	0.9910112615	0.1337784718	0	-0.1337784718	0.9910112615	0	0	0	1
0.31	0.5274423214	-0.4812779955	0	0.9894041037	0.145187877	0	-0.145187877	0.9894041037	0	0	0	1
0.32	0.5381055437	-0.4709788444	0	0.9879980452	0.1544663803	0	-0.1544663803	0.9879980452	0	0	0	1
0.33	0.5478805196	-0.4610131716	0	0.986826299	0.1617833601	0	-0.1617833601	0.986826299	0	0	0	1
0.34	0.5567021515	-0.4516332152	0	0.9858774156	0.1674685684	0	-0.1674685684	0.9858774156	0	0	0	1
0.35	0.5646312074	-0.4430476652	0	0.9851226626	0.1718526681	0	-0.1718526681	0.9851226626	0	0	0	1
0.36	0.5718637496	-0.4354094559	0	0.9846689314	0.1744336424	0	-0.1744336424	0.9846689314	0	0	0	1
0.37	0.5788495113	-0.4287711444	0	0.9843207034	0.1763880746	0	-0.1763880746	0.9843207034	0	0	0	1
0.38	0.5859139852	-0.4231394536	0	0.9837779782	0.1793903275	0	-0.1793903275	0.9837779782	0	0	0	1
0.39	0.5931714251	-0.4185117277	0	0.9829047198	0.1841149416	0	-0.1841149416	0.9829047198	0	0	0	1
0.4	0.6007047296	-0.4148728655	0	0.9815760691	0.1910717679	0	-0.1910717679	0.9815760691	0	0	0	1
0.41	0.6084933237	-0.412150491	0	0.9798346849	0.1998098855	0	-0.1998098855	0.9798346849	0	0	0	1
0.42	0.6167849723	-0.4102842758	0	0.9776866201	0.2100687339	0	-0.2100687339	0.9776866201	0	0	0	1
0.43	0.6258804664	-0.4092211457	0	0.9749592128	0.2223837525	0	-0.2223837525	0.9749592128	0	0	0	1
0.44	0.6359192644	-0.4088963261	0	0.9714882062	0.2370878849	0	-0.2370878849	0.9714882062	0	0	0	1
0.45	0.6469433813	-0.4092466844	0	0.9670900759	0.2544342449	0	-0.2544342449	0.9670900759	0	0	0	1
0.46	0.6589662462	-0.4102278878	0	0.9615357977	0.2746796493	0	-0.2746796493	0.9615357977	0	0	0	1
0.47	0.6719908781	-0.4118242464	0	0.9545454536	0.2980653904	0	-0.2980653904	0.9545454536	0	0	0	1
0.48	0.6859940449	-0.4140507418	0	0.9457995913	0.3247508786	0	-0.3247508786	0.9457995913	0	0	0	1
0.49	0.7009069392	-0.4169508418	0	0.9349594924	0.3547544892	0	-0.3547544892	0.9349594924	0	0	0	1
0.5	0.7166091772	-0.4205925453	0	0.9216905571	0.3879259168	0	-0.3879259168	0.9216905571	0	0	0	1
0.51	0.732938596	-0.4250626896	0	0.9056887781	0.4239432004	0	-0.4239432004	0.9056887781	0	0	0	1
0.52	0.7497122264	-0.4304587922	0	0.8867214857	0.4623040198	0	-0.4623040198	0.8867214857	0	0	0	1
0.53	0.7667462319	-0.4368746626	0	0.8648786518	0.5019809933	0	-0.5019809933	0.8648786518	0	0	0	1
0.54	0.7840606486	-0.4443924075	0	0.8406169262	0.5416301168	0	-0.5416301168	0.8406169262	0	0	0	1
0.55	0.8018814945	-0.4530613309	0	0.8130140071	0.5822441277	0	-0.5822441277	0.8130140071	0	0	0	1
0.56	0.8199937128	-0.4628447432	0	0.7815244923	0.6238745611	0	-0.6238745611	0.7815244923	0	0	0	1
0.57	0.8380331362	-0.4736891967	0	0.7461728034	0.6657523169	0	-0.6657523169	0.7461728034	0	0	0	1
0.58	0.8557489553	-0.4855611579	0	0.7072401881	0.7069733491	0	-0.7069733491	0.7072401881	0	0	0	1
0.59	0.8730190035	-0.4984371627	0	0.6653732966	0.7465108012	0	-0.7465108012	0.6653732966	0	0	0	1
0.6	0.8898066503	-0.5122644911	0	0.6218262345	0.7831552427	0	-0.7831552427	0.6218262345	0	0	0	1
0.61	0.9059867136	-0.5259342997	0	0.5802596013	0.8144315779	0	-0.8144315779	0.5802596013	0	0	0	1
0.62	0.9218941536	-0.5384563125	0	0.5430498934	0.8397004307	0	-0.8397004307	0.5430498934	0	0	0	1
0.63	0.9385332525	-0.5495822161	0	0.5102260131	0.8600403569	0	-0.8600403569	0.5102260131	0	0	0	1
0.64	0.9563495202	-0.5582173065	0	0.4850424598	0.8744906015	0	-0.8744906015	0.4850424598	0	0	0	1
0.65	0.9752646705	-0.5631416261	0	0.4715830003	0.8818216792	0	-0.8818216792	0.4715830003	0	0	0	1
0.66	0.994899702	-0.564277823	0	0.4711298486	0.8820638672	0	-0.8820638672	0.4711298486	0	0	0	1
0.67	1.014839283	-0.5619394563	0	0.4823902282	0.8759564303	0	-0.8759564303	0.4823902282	0	0	0	1
0.68	1.034934593	-0.5568108694	0	0.5015519595	0.8651275235	0	-0.8651275235	0.5015519595	0	0	0	1
0.69	1.055176377	-0.5497815428	0	0.5243601539	0.8514965819	0	-0.8514965819	0.5243601539	0	0	0	1
0.7	1.075477183	-0.5417441188	0	0.5480955925	0.836415699	0	-0.836415699	0.5480955925	0	0	0	1
0.71	1.09561912	-0.5334274041	0	0.5721422179	0.820154426	0	-0.820154426	0.5721422179	0	0	0	1
0.72	1.115291482	-0.5251104229	0	0.5976565125	0.8017522641	0	-0.8017522641	0.5976565125	0	0	0	1
0.73	1.134351266	-0.5167735738	0	0.6257210166	0.7800469277	0	-0.7800469277	0.6257210166	0	0	0	1
0.74	1.152902711	-0.508343652	0	0.6564389418	0.7543791591	0	-0.7543791591	0.6564389418	0	0	0	1
0.75	1.17107578	-0.4997508018	0	0.6894265033	0.7243556423	0	-0.7243556423	0.6894265033	0	0	0	1
0.76	1.18887512	-0.4909825817	0	0.7241693807	0.6896221487	0	-0.6896221487	0.7241693807	0	0	0	1
0.77	1.206196099	-0.482100444	0	0.7599874922	0.6499376984	0	-0.6499376984	0.7599874922	0	0	0	1
0.78	1.222918243	-0.473219568	0	0.7959326185	0.6053852218	0	-0.6053852218	0.7959326185	0	0	0	1
0.79	1.238963641	-0.4644779139	0	0.8309035048	0.5564165397	0	-0.5564165397	0.8309035048	0	0	0	1
0.8	1.254291263	-0.4560157478	0	0.8639065909	0.5036520646	0	-0.5036520646	0.8639065909	0	0	0	1
0.81	1.268869956	-0.4479644047	0	0.8942363226	0.4475951288	0	-0.4475951288	0.8942363226	0	0	0	1
0.82	1.282670966	-0.4404396789	0	0.9214486689	0.3885001294	0	-0.3885001294	0.9214486689	0	0	0	1
0.83	1.295682664	-0.4335350242	0	0.9452166908	0.3264435746	0	-0.3264435746	0.9452166908	0	0	0	1
0.84	1.307923433	-0.4273203727	0	0.9652031222	0.2615013059	0	-0.2615013059	0.9652031222	0	0	0	1
0.85	1.319439549	-0.4218456634	0	0.9810170175	0.1939216631	0	-0.1939216631	0.9810170175	0	0	0	1
0.86	1.330294826	-0.4171457028	0	0.9922493992	0.1242623423	0	-0.1242623423	0.9922493992	0	0	0	1
0.87	1.340562161	-0.4132418291	0	0.9985685701	0.05348654859	0	-0.05348654859	0.9985685701	0	0	0	1
0.88	1.350317866	-0.4101404284	0	0.9998554047	-0.01700499083	0	0.01700499083	0.9998554047	0	0	0	1
0.89	1.359635589	-0.4078308254	0	0.9963435091	-0.08543776614	0	0.08543776614	0.9963435091	0	0	0	1
0.9	1.36858007	-0.4062844406	0	0.9887150794	-0.1498081834	0	0.1498081834	0.9887150794	0	0	0	1
0.91	1.377202107	-0.4054561568	0	0.9781123548	-0.2080774408	0	0.2080774408	0.9781123548	0	0	0	1
0.92	1.385537284	-0.4052878029	0	0.9660504175	-0.258353616	0	0.258353616	0.9660504175	0	0	0	1
0.93	1.393607955	-0.4057143381	0	0.9542387351	-0.2990458768	0	0.2990458768	0.9542387351	0	0	0	1
0.94	1.401429076	-0.406672005	0	0.9443435904	-0.3289607625	0	0.3289607625	0.9443435904	0	0	0	1
0.95	1.409015607	-0.4081074965	0	0.9377399528	-0.3473381363	0	0.3473381363	0.9377399528	0	0	0	1
0.96	1.416388927	-0.4099873942	0	0.9352992481	-0.353857763	0	0.353857763	0.9352992481	0	0	0	1
0.97	1.423580596	-0.4123057047	0	0.9372617338	-0.3486265085	0	0.3486265085	0.9372617338	0	0	0	1
0.98	1.430632278	-0.4150883318	0	0.9432189604	-0.3321716315	0	0.3321716315	0.9432189604	0	0	0	1
0.99	1.437591889	-0.4183929393	0	0.9522129659	-0.3054348827	0	0.3054348827	0.9522129659	0	0	0	1
1	1.444507879	-0.4223041361	0	0.9629282791	-0.2697575379	0	0.2697575379	0.9629282791	0	0	0	1
1.01	1.45142291	-0.426924103	0	0.9739338524	-0.2268322094	0	0.2268322094	0.9739338524	0	0	0	1
1.02	1.458367675	-0.4323544136	0	0.9839161915	-0.1786307033	0	0.1786307033	0.9839161915	0	0	0	1
1.03	1.465350138	-0.4386741483	0	0.9918632754	-0.1273076704	0	0.1273076704	0.9918632754	0	0	0	1
1.04	1.472369874	-0.4459605107	0	0.9971818454	-0.07502244531	0	0.07502244531	0.9971818454	0	0	0	1
1.05	1.479473621	-0.4542760149	0	0.9997208189	-0.02362803973	0	0.02362803973	0.9997208189	0	0	0	1
1.06	1.486754751	-0.463656147	0	0.9996789964	0.02533582816	0	-0.02533582816	0.9996789964	0	0	0	1
1.07	1.494267787	-0.4741098568	0	0.9975256235	0.07030384322	0	-0.07030384322	0.9975256235	0	0	0	1
1.08	1.501954361	-0.4856282103	0	0.9939798414	0.1095631094	0	-0.1095631094	0.9939798414	0	0	0	1
1.09	1.50965019	-0.4981880065	0	0.9899256846	0.1415879196	0	-0.1415879196	0.9899256846	0	0	0	1
1.1	1.517459471	-0.511565708	0	0.9866253393	0.1630044167	0	-0.1630044167	0.9866253393	0	0	0	1
1.11	1.528509709	-0.5239518005	0	0.9831862638	0.1826055054	0	-0.1826055054	0.9831862638	0	0	0	1
1.12	1.538932611	-0.5354712803	0	0.9798297105	0.1998342773	0	-0.1998342773	0.9798297105	0	0	0	1
1.13	1.545818382	-0.5461023475	0	0.9769960618	0.2132573452	0	-0.2132573452	0.9769960618	0	0	0	1
1.14	1.547115909	-0.5544017447	0	0.9763365232	0.2162567767	0	-0.2162567767	0.9763365232	0	0	0	1
1.15	1.545361512	-0.5593508723	0	0.9777040263	0.2099877069	0	-0.2099877069	0.9777040263	0	0	0	1
1.16	1.542260094	-0.5608543537	0	0.9799921473	0.1990361558	0	-0.1990361558	0.9799921473	0	0	0	1
1.17	1.538539393	-0.5593381929	0	0.9826287237	0.1855823035	0	-0.1855823035	0.9826287237	0	0	0	1
1.18	1.534877242	-0.5555093035	0	0.9851568686	0.1716564715	0	-0.1716564715	0.9851568686	0	0	0	1
1.19	1.53208927	-0.5501863642	0	0.9871898128	0.1595502228	0	-0.1595502228	0.9871898128	0	0	0	1
1.2	1.530856636	-0.5441434711	0	0.9885199187	0.1510906034	0	-0.1510906034	0.9885199187	0	0	0	1
1.21	1.531549423	-0.5379418478	0	0.989127371	0.147061361	0	-0.147061361	0.989127371	0	0	0	1
1.22	1.5343705	-0.5317015428	0	0.9890518563	0.1475683761	0	-0.1475683761	0.9890518563	0	0	0	1
1.23	1.538951488	-0.5253746571	0	0.9884627489	0.1514641672	0	-0.1514641672	0.9884627489	0	0	0	1
1.24	1.544784103	-0.5189101796	0	0.9875349846	0.1573996637	0	-0.1573996637	0.9875349846	0	0	0	1
1.25	1.551518895	-0.5122799949	0	0.9863789046	0.1644890776	0	-0.1644890776	0.9863789046	0	0	0	1
1.26	1.558963466	-0.5054821142	0	0.9850505828	0.1722653456	0	-0.1722653456	0.9850505828	0	0	0	1
1.27	1.567020583	-0.4985375969	0	0.9835724658	0.1805137239	0	-0.1805137239	0.9835724658	0	0	0	1
1.28	1.575636583	-0.4914862276	0	0.981949654	0.1891424781	0	-0.1891424781	0.981949654	0	0	0	1
1.29	1.584763594	-0.4843797408	0	0.980183346	0.1980924233	0	-0.1980924233	0.980183346	0	0	0	1
1.3	1.594332423	-0.4772758847	0	0.9782821757	0.2072775547	0	-0.2072775547	0.9782821757	0	0	0	1
1.31	1.604234499	-0.4702365941	0	0.9762709108	0.216552785	0	-0.216552785	0.9762709108	0	0	0	1
1.32	1.614312561	-0.4633305332	0	0.9741955246	0.2257057372	0	-0.2257057372	0.9741955246	0	0	0	1
1.33	1.624364078	-0.4566364287	0	0.9721222688	0.2344745073	0	-0.2344745073	0.9721222688	0	0	0	1
1.34	1.634163643	-0.4502427006	0	0.9701279933	0.2425936448	0	-0.2425936448	0.9701279933	0	0	0	1
1.35	1.643501825	-0.4442424878	0	0.9682828366	0.2498566556	0	-0.2498566556	0.9682828366	0	0	0	1
1.36	1.652229329	-0.4387253242	0	0.9666305089	0.2561746655	0	-0.2561746655	0.9666305089	0	0	0	1
1.37	1.660291346	-0.4337680297	0	0.9651726398	0.2616137905	0	-0.2616137905	0.9651726398	0	0	0	1
1.38	1.667742368	-0.4294266477	0	0.9638613315	0.2664044548	0	-0.2664044548	0.9638613315	0	0	0	1
1.39	1.674738113	-0.4257318752	0	0.9626013231	0.2709219311	0	-0.2709219311	0.9626013231	0	0	0	1
1.4	1.681509298	-0.4226890052	0	0.9612604529	0.2756416908	0	-0.2756416908	0.9612604529	0	0	0	1
1.41	1.688324466	-0.4202826804	0	0.9596833041	0.281083539	0	-0.281083539	0.9596833041	0	0	0	1
1.42	1.695453256	-0.4184846693	0	0.957699955	0.2877686505	0	-0.2877686505	0.957699955	0	0	0	1
1.43	1.703131122	-0.4172626177	0	0.9551308917	0.2961840302	0	-0.2961840302	0.9551308917	0	0	0	1
1.44	1.71153079	-0.4165890699	0	0.9517893439	0.3067524163	0	-0.3067524163	0.9517893439	0	0	0	1
1.45	1.720747174	-0.4164494949	0	0.9474808565	0.3198124867	0	-0.3198124867	0.9474808565	0	0	0	1
1.46	1.730795441	-0.4168488666	0	0.9420020037	0.3356072482	0	-0.3356072482	0.9420020037	0	0	0	1
1.47	1.741621247	-0.417815812	0	0.9351393021	0.3542802361	0	-0.3542802361	0.9351393021	0	0	0	1
1.48	1.753119162	-0.4194036975	0	0.9266705298	0.3758746189	0	-0.3758746189	0.9266705298	0	0	0	1
1.49	1.765156373	-0.4216880121	0	0.9163713843	0.400329222	0	-0.400329222	0.9163713843	0	0	0	1
1.5	1.777596042	-0.4247594614	0	0.9040524578	0.4274215173	0	-0.4274215173	0.9040524578	0	0	0	1
1.51	1.786433996	-0.427716254	0	0.8970215596	0.441986789	0	-0.441986789	0.8970215596	0	0	0	1
1.52	1.794648843	-0.431403917	0	0.8868556646	0.462046567	0	-0.462046567	0.8868556646	0	0	0	1
1.53	1.803468188	-0.436075561	0	0.8739334621	0.486045578	0	-0.486045578	0.8739334621	0	0	0	1
1.54	1.812773887	-0.4416313576	0	0.858309366	0.5131325679	0	-0.5131325679	0.858309366	0	0	0	1
1.55	1.822558765	-0.4480448076	0	0.839868421	0.5427900473	0	-0.5427900473	0.839868421	0	0	0	1
1.56	1.832997806	-0.4553768533	0	0.8183439298	0.5747288166	0	-0.5747288166	0.8183439298	0	0	0	1
1.57	1.844290432	-0.4637435176	0	0.79248065	0.6098970564	0	-0.6098970564	0.79248065	0	0	0	1
1.58	1.856077293	-0.4732410186	0	0.7600805285	0.6498288931	0	-0.6498288931	0.7600805285	0	0	0	1
1.59	1.867655735	-0.4838519708	0	0.7208017494	0.6931412829	0	-0.6931412829	0.7208017494	0	0	0	1
1.6	1.878653494	-0.495552427	0	0.6752595932	0.7375801528	0	-0.7375801528	0.6752595932	0	0	0	1
1.61	1.888919621	-0.5082673414	0	0.6245361127	0.7809959308	0	-0.7809959308	0.6245361127	0	0	0	1
1.62	1.897694609	-0.5207374833	0	0.5748097519	0.8182870823	0	-0.8182870823	0.5748097519	0	0	0	1
1.63	1.904909987	-0.5321641868	0	0.529464836	0.8483318852	0	-0.8483318852	0.529464836	0	0	0	1
1.64	1.913340729	-0.5428253754	0	0.4815800897	0.8764020865	0	-0.8764020865	0.4815800897	0	0	0	1
1.65	1.924337881	-0.5518392659	0	0.4316796157	0.9020270004	0	-0.9020270004	0.4316796157	0	0	0	1
1.66	1.937368653	-0.5579109524	0	0.3883641128	0.9215060043	0	-0.9215060043	0.3883641128	0	0	0	1
1.67	1.951485477	-0.5606699861	0	0.3597207216	0.9330600208	0	-0.9330600208	0.3597207216	0	0	0	1
1.68	1.966502147	-0.5602209684	0	0.348791137	0.9372004816	0	-0.9372004816	0.348791137	0	0	0	1
1.69	1.982546133	-0.5570645615	0	0.3546066625	0.9350155693	0	-0.9350155693	0.3546066625	0	0	0	1
1.7	1.999548776	-0.5519787516	0	0.3742320462	0.9273350935	0	-0.9273350935	0.3742320462	0	0	0	1
1.71	2.017268858	-0.5458844229	0	0.4033376305	0.9150512312	0	-0.9150512312	0.4033376305	0	0	0	1
1.72	2.035597548	-0.5396082025	0	0.4364034032	0.8997511154	0	-0.8997511154	0.4364034032	0	0	0	1
1.73	2.054677071	-0.5335112883	0	0.4682083939	0.8836180735	0	-0.8836180735	0.4682083939	0	0	0	1
1.74	2.074812535	-0.5276951823	0	0.4951012693	0.8688352739	0	-0.8688352739	0.4951012693	0	0	0	1
1.75	2.09610208	-0.5220900998	0	0.5165120818	0.8562799013	0	-0.8562799013	0.5165120818	0	0	0	1
1.76	2.11826913	-0.51651873	0	0.5346985416	0.8450428804	0	-0.8450428804	0.5346985416	0	0	0	1
1.77	2.140846595	-0.5107903732	0	0.5529772473	0.8331963538	0	-0.8331963538	0.5529772473	0	0	0	1
1.78	2.163403189	-0.5047658418	0	0.5740238865	0.8188385541	0	-0.8188385541	0.5740238865	0	0	0	1
1.79	2.18561449	-0.4983899859	0	0.5990358019	0.8007222415	0	-0.8007222415	0.5990358019	0	0	0	1
1.8	2.207212325	-0.4917021945	0	0.6277504378	0.7784146632	0	-0.7784146632	0.6277504378	0	0	0	1
1.81	2.227921341	-0.4848308349	0	0.6589376522	0.7521975608	0	-0.7521975608	0.6589376522	0	0	0	1
1.82	2.247438989	-0.4779730092	0	0.6910068348	0.7228482235	0	-0.7228482235	0.6910068348	0	0	0	1
1.83	2.26545393	-0.4713611473	0	0.7225208611	0.6913491197	0	-0.6913491197	0.7225208611	0	0	0	1
1.84	2.281674754	-0.465223019	0	0.7525261191	0.6585624041	0	-0.6585624041	0.7525261191	0	0	0	1
1.85	2.29584942	-0.4597451197	0	0.7806844501	0.624925427	0	-0.624925427	0.7806844501	0	0	0	1
1.86	2.307774092	-0.4550476663	0	0.8072330486	0.5902328398	0	-0.5902328398	0.8072330486	0	0	0	1
1.87	2.317297229	-0.4511760034	0	0.8328106507	0.5535579645	0	-0.5535579645	0.8328106507	0	0	0	1
1.88	2.324323104	-0.4481078173	0	0.8581993526	0.513316541	0	-0.513316541	0.8581993526	0	0	0	1
1.89	2.328816931	-0.445770614	0	0.8840250388	0.4674395477	0	-0.4674395477	0.8840250388	0	0	0	1
1.9	2.330820834	-0.4440607027	0	0.9104263394	0.4136712228	0	-0.4136712228	0.9104263394	0	0	0	1
1.91	2.330507812	-0.4428535812	0	0.9367039877	0.3501223208	0	-0.3501223208	0.9367039877	0	0	0	1
1.92	2.328325432	-0.4419986713	0	0.9610524473	0.2763660499	0	-0.2763660499	0.9610524473	0	0	0	1
1.93	2.3252005	-0.4413157579	0	0.9808020994	0.1950057481	0	-0.1950057481	0.9808020994	0	0	0	1
1.94	2.322544042	-0.4406376533	0	0.9936750696	0.1122936154	0	-0.1122936154	0.9936750696	0	0	0	1
1.95	2.321621609	-0.4399212699	0	0.9993743986	0.03536681107	0	-0.03536681107	0.9993743986	0	0	0	1
1.96	2.322801712	-0.439291706	0	0.9994959819	-0.03174558493	0	0.03174558493	0.9994959819	0	0	0	1
1.97	2.325866471	-0.4389052989	0	0.9961638261	-0.08750789378	0	0.08750789378	0.9961638261	0	0	0	1
1.98	2.330759329	-0.4388193128	0	0.9915059416	-0.1300613999	0	0.1300613999	0.9915059416	0	0	0	1
1.99	2.337501338	-0.4390361043	0	0.9874468519	-0.1579516215	0	0.1579516215	0.9874468519	0	0	0	1
2	2.345929726	-0.4395701019	0	0.9851881639	-0.1714767671	0	0.1714767671	0.9851881639	0	0	0	1
2.01	2.355845089	-0.4404479116	0	0.985091235	-0.1720327256	0	0.1720327256	0.985091235	0	0	0	1
2.02	2.367113818	-0.4417153489	0	0.9868731517	-0.1614973138	0	0.1614973138	0.9868731517	0	0	0	1
2.03	2.379609021	-0.4434558014	0	0.9898344863	-0.1422240828	0	0.1422240828	0.9898344863	0	0	0	1
2.04	2.393173302	-0.4457875396	0	0.9931453185	-0.1168861682	0	0.1168861682	0.9931453185	0	0	0	1
2.05	2.40761836	-0.4488439344	0	0.9961063232	-0.08816004082	0	0.08816004082	0.9961063232	0	0	0	1
2.06	2.422728351	-0.4527449188	0	0.998291087	-0.0584371934	0	0.0584371934	0.998291087	0	0	0	1
2.07	2.438251871	-0.4575433902	0	0.9995599762	-0.02966233317	0	0.02966233317	0.9995599762	0	0	0	1
2.08	2.453897486	-0.4632548236	0	0.9999945014	-0.00331619333	0	0.00331619333	0.9999945014	0	0	0	1
2.09	2.469543069	-0.4699012128	0	0.9997914262	0.02042312563	0	-0.02042312563	0.9997914262	0	0	0	1
2.1	2.485198228	-0.4775053614	0	0.9991062651	0.0422690312	0	-0.0422690312	0.9991062651	0	0	0	1
2.11	2.500816005	-0.4860929143	0	0.9980297065	0.06274316679	0	-0.06274316679	0.9980297065	0	0	0	1
2.12	2.516261531	-0.4956888343	0	0.9966420094	0.08188226387	0	-0.08188226387	0.9966420094	0	0	0	1
2.13	2.531611114	-0.5062194088	0	0.9947307631	0.1025217488	0	-0.1025217488	0.9947307631	0	0	0	1
2.14	2.546935308	-0.5167362676	0	0.9909976556	0.1338792242	0	-0.1338792242	0.9909976556	0	0	0	1
2.15	2.560017742	-0.5268807225	0	0.9871860264	0.1595736481	0	-0.1595736481	0.9871860264	0	0	0	1
2.16	2.571038852	-0.5364596234	0	0.9836259534	0.1802220403	0	-0.1802220403	0.9836259534	0	0	0	1
2.17	2.580708065	-0.545149444	0	0.9803159685	0.1974350576	0	-0.1974350576	0.9803159685	0	0	0	1
2.18	2.588942435	-0.552635603	0	0.9768187412	0.2140680893	0	-0.2140680893	0.9768187412	0	0	0	1
2.19	2.593423801	-0.5581137095	0	0.9745183102	0.224307965	0	-0.224307965	0.9745183102	0	0	0	1
2.2	2.59570969	-0.5609923045	0	0.9737505399	0.2276178507	0	-0.2276178507	0.9737505399	0	0	0	1
2.21	2.597257924	-0.5613436442	0	0.973678157	0.2279272835	0	-0.2279272835	0.973678157	0	0	0	1
2.22	2.598469488	-0.559611256	0	0.9739680422	0.2266853607	0	-0.2266853607	0.9739680422	0	0	0	1
2.23	2.599473356	-0.5563550194	0	0.9744574356	0.2245722739	0	-0.2245722739	0.9744574356	0	0	0	1
2.24	2.600542088	-0.5521123979	0	0.9749434982	0.222452636	0	-0.222452636	0.9749434982	0	0	0	1
2.25	2.601992881	-0.5473524944	0	0.9752318701	0.2211849894	0	-0.2211849894	0.9752318701	0	0	0	1
2.26	2.604045151	-0.5424472024	0	0.975211985	0.2212726471	0	-0.2212726471	0.975211985	0	0	0	1
2.27	2.607012799	-0.5375371687	0	0.9747379709	0.2233514902	0	-0.2233514902	0.9747379709	0	0	0	1
2.28	2.610661289	-0.5326179389	0	0.9739681179	0.2266850354	0	-0.2266850354	0.9739681179	0	0	0	1
2.29	2.614388662	-0.5276791482	0	0.973235181	0.2298114061	0	-0.2298114061	0.973235181	0	0	0	1
2.3	2.617900687	-0.5227178128	0	0.9726888884	0.2321127451	0	-0.2321127451	0.9726888884	0	0	0	1
2.31	2.621247224	-0.5177470853	0	0.972291155	0.233773202	0	-0.233773202	0.972291155	0	0	0	1
2.32	2.624600257	-0.5127937351	0	0.9719441903	0.2352115877	0	-0.2352115877	0.9719441903	0	0	0	1
2.33	2.628121739	-0.507892169	0	0.9715597697	0.236794455	0	-0.236794455	0.9715597697	0	0	0	1
2.34	2.631940769	-0.503078069	0	0.9710680743	0.2388028371	0	-0.2388028371	0.9710680743	0	0	0	1
2.35	2.63615546	-0.4983799093	0	0.97041757	0.2414326817	0	-0.2414326817	0.97041757	0	0	0	1
2.36	2.640827926	-0.4938105972	0	0.9695801385	0.2447740899	0	-0.2447740899	0.9695801385	0	0	0	1
2.37	2.645978956	-0.4893640089	0	0.9685540379	0.248803287	0	-0.248803287	0.9685540379	0	0	0	1
2.38	2.651588287	-0.4850188663	0	0.9673610692	0.2534019768	0	-0.2534019768	0.9673610692	0	0	0	1
2.39	2.657596959	-0.4807466024	0	0.9660420106	0.2583850494	0	-0.2583850494	0.9660420106	0	0	0	1
2.4	2.663913336	-0.4765192015	0	0.9646512284	0.2635298989	0	-0.2635298989	0.9646512284	0	0	0	1
2.41	2.670426018	-0.472314621	0	0.9632490832	0.2686097609	0	-0.2686097609	0.9632490832	0	0	0	1
2.42	2.677021786	-0.4681203185	0	0.9618923202	0.2734285362	0	-0.2734285362	0.9618923202	0	0	0	1
2.43	2.68360014	-0.4639356031	0	0.9606262217	0.2778439528	0	-0.2778439528	0.9606262217	0	0	0	1
2.44	2.690079331	-0.459773196	0	0.959481174	0.2817727396	0	-0.2817727396	0.959481174	0	0	0	1
2.45	2.696395788	-0.4556597587	0	0.9584728867	0.2851836697	0	-0.2851836697	0.9584728867	0	0	0	1
2.46	2.702505244	-0.4516349561	0	0.9576022975	0.2880934568	0	-0.2880934568	0.9576022975	0	0	0	1
2.47	2.708390878	-0.4477490988	0	0.9568522042	0.2905750493	0	-0.2905750493	0.9568522042	0	0	0	1
2.48	2.714077979	-0.4440599831	0	0.9561805241	0.2927777406	0	-0.2927777406	0.9561805241	0	0	0	1
2.49	2.719648553	-0.4406286031	0	0.9555137863	0.294946443	0	-0.294946443	0.9555137863	0	0	0	1
2.5	2.725247386	-0.4375138405	0	0.9547451761	0.2974250305	0	-0.2974250305	0.9547451761	0	0	0	1
2.51	2.731074636	-0.4347662061	0	0.9537387245	0.3006367334	0	-0.3006367334	0.9537387245	0	0	0	1
2.52	2.737367443	-0.4324255092	0	0.9523346287	0.3050553309	0	-0.3050553309	0.9523346287	0	0	0	1
2.53	2.744374168	-0.4305200052	0	0.9503536257	0.3111719558	0	-0.3111719558	0.9503536257	0	0	0	1
2.54	2.752326002	-0.4290678089	0	0.9475998074	0.3194598644	0	-0.3194598644	0.9475998074	0	0	0	1
2.55	2.76140891	-0.4280794987	0	0.9438637122	0.3303351219	0	-0.3303351219	0.9438637122	0	0	0	1
2.56	2.771743293	-0.4275637874	0	0.9389226625	0.3441282229	0	-0.3441282229	0.9389226625	0	0	0	1
2.57	2.783369966	-0.4275349636	0	0.9325422591	0.3610608466	0	-0.3610608466	0.9325422591	0	0	0	1
2.58	2.796240417	-0.4280195591	0	0.9244840594	0.3812207022	0	-0.3812207022	0.9244840594	0	0	0	1
2.59	2.810215327	-0.4290614817	0	0.9145182197	0.4045447143	0	-0.4045447143	0.9145182197	0	0	0	1
2.6	2.825073543	-0.4307248828	0	0.9024418709	0.4308116405	0	-0.4308116405	0.9024418709	0	0	0	1
2.61	2.840534285	-0.4330930954	0	0.8881053168	0.4596400181	0	-0.4596400181	0.8881053168	0	0	0	1
2.62	2.856288645	-0.4362600912	0	0.8714902096	0.4904129022	0	-0.4904129022	0.8714902096	0	0	0	1
2.63	2.872036366	-0.4403005542	0	0.853567125	0.5209828818	0	-0.5209828818	0.853567125	0	0	0	1
2.64	2.888001127	-0.4453310896	0	0.8349771399	0.5502846316	0	-0.5502846316	0.8349771399	0	0	0	1
2.65	2.904447185	-0.4514228985	0	0.8149686215	0.5795050871	0	-0.5795050871	0.8149686215	0	0	0	1
2.66	2.921244497	-0.4585362085	0	0.7931465391	0.6090308428	0	-0.6090308428	0.7931465391	0	0	0	1
2.67	2.938178796	-0.4666186134	0	0.7692984004	0.6388896392	0	-0.6388896392	0.7692984004	0	0	0	1
2.68	2.955117488	-0.4756496559	0	0.7431797262	0.6690918432	0	-0.6690918432	0.7431797262	0	0	0	1
2.69	2.971997668	-0.4856317531	0	0.7145809222	0.6995527897	0	-0.6995527897	0.7145809222	0	0	0	1
2.7	2.988773681	-0.4965701932	0	0.6833984554	0.7300455816	0	-0.7300455816	0.6833984554	0	0	0	1
2.71	3.005326766	-0.5083047833	0	0.6501026827	0.7598463673	0	-0.7598463673	0.6501026827	0	0	0	1
2.72	3.020799336	-0.5195836595	0	0.6182743815	0.7859623332	0	-0.7859623332	0.6182743815	0	0	0	1
2.73	3.035857736	-0.530131949	0	0.5877985534	0.8090073304	0	-0.8090073304	0.5877985534	0	0	0	1
2.74	3.051841564	-0.5400010778	0	0.5567278434	0.8306949551	0	-0.8306949551	0.5567278434	0	0	0	1
2.75	3.068964483	-0.5489416699	0	0.5257554269	0.8506357805	0	-0.8506357805	0.5257554269	0	0	0	1
2.76	3.087020775	-0.556265353	0	0.4978950094	0.8672373145	0	-0.8672373145	0.4978950094	0	0	0	1
2.77	3.105525836	-0.5608623564	0	0.4779771774	0.8783722547	0	-0.8783722547	0.4779771774	0	0	0	1
2.78	3.123862043	-0.5626121435	0	0.4685371156	0.8834438133	0	-0.8834438133	0.4685371156	0	0	0	1
2.79	3.141903699	-0.561796849	0	0.4682481954	0.8835969825	0	-0.8835969825	0.4682481954	0	0	0	1
2.8	3.159875706	-0.5589198387	0	0.4733812478	0.880857647	0	-0.880857647	0.4733812478	0	0	0	1
2.81	3.177925849	-0.5545686653	0	0.4804659187	0.8770133984	0	-0.8770133984	0.4804659187	0	0	0	1
2.82	3.195940633	-0.5493263192	0	0.4877145547	0.8730031576	0	-0.8730031576	0.4877145547	0	0	0	1
2.83	3.213649093	-0.5437131627	0	0.4949197614	0.8689386801	0	-0.8689386801	0.4949197614	0	0	0	1
2.84	3.23078701	-0.5381093111	0	0.5027820161	0.864413237	0	-0.864413237	0.5027820161	0	0	0	1
2.85	3.247185397	-0.532608158	0	0.5123233791	0.8587926148	0	-0.8587926148	0.5123233791	0	0	0	1
2.86	3.262953866	-0.5271901955	0	0.5237597032	0.8518660536	0	-0.8518660536	0.5237597032	0	0	0	1
2.87	3.278343809	-0.5218118168	0	0.5368888641	0.8436529782	0	-0.8436529782	0.5368888641	0	0	0	1
2.88	3.293478123	-0.5164378728	0	0.551797558	0.8339780902	0	-0.8339780902	0.551797558	0	0	0	1
2.89	3.308303639	-0.5110666508	0	0.5687786448	0.8224906402	0	-0.8224906402	0.5687786448	0	0	0	1
2.9	3.322704037	-0.5057298063	0	0.5878857475	0.8089439708	0	-0.8089439708	0.5878857475	0	0	0	1
2.91	3.336597785	-0.5004779225	0	0.6087086847	0.7933938096	0	-0.7933938096	0.6087086847	0	0	0	1
2.92	3.349956087	-0.4953656437	0	0.6305071486	0.776183442	0	-0.776183442	0.6305071486	0	0	0	1
2.93	3.362768322	-0.4904420722	0	0.6525347735	0.7577587805	0	-0.7577587805	0.6525347735	0	0	0	1
2.94	3.375004388	-0.4857450797	0	0.6743180213	0.7384410648	0	-0.7384410648	0.6743180213	0	0	0	1
2.95	3.386603095	-0.4812964596	0	0.6957701218	0.7182645318	0	-0.7182645318	0.6957701218	0	0	0	1
2.96	3.397489294	-0.4770990558	0	0.7171132003	0.6969567116	0	-0.6969567116	0.7171132003	0	0	0	1
2.97	3.4076011	-0.4731381239	0	0.7387038716	0.6740301107	0	-0.6740301107	0.7387038716	0	0	0	1
2.98	3.416906729	-0.4693883878	0	0.7608725626	0.6489013357	0	-0.6489013357	0.7608725626	0	0	0	1
2.99	3.425402906	-0.4658243074	0	0.7838397932	0.6209631057	0	-0.6209631057	0.7838397932	0	0	0	1
3	3.433104067	-0.4624293471	0	0.8076907164	0.5896063997	0	-0.5896063997	0.8076907164	0	0	0	1
3.01	3.440035893	-0.4592003204	0	0.8323643552	0.5542288157	0	-0.5542288157	0.8323643552	0	0	0	1
3.02	3.446240119	-0.4561460638	0	0.8576291262	0.5142686866	0	-0.5142686866	0.8576291262	0	0	0	1
3.03	3.451786924	-0.4532828457	0	0.8830535832	0.4692721695	0	-0.4692721695	0.8830535832	0	0	0	1
3.04	3.45678807	-0.4506295956	0	0.9079921984	0.4189870734	0	-0.4189870734	0.9079921984	0	0	0	1
3.05	3.461406297	-0.4482041234	0	0.9316019769	0.3634800636	0	-0.3634800636	0.9316019769	0	0	0	1
3.06	3.46585915	-0.446020753	0	0.9529062543	0.303265017	0	-0.303265017	0.9529062543	0	0	0	1
3.07	3.470411564	-0.4440897504	0	0.9709218563	0.2393966353	0	-0.2393966353	0.9709218563	0	0	0	1
3.08	3.475345797	-0.4424189285	0	0.9848444	0.1734402138	0	-0.1734402138	0.9848444	0	0	0	1
3.09	3.480909214	-0.4410160529	0	0.9942298004	0.1072711707	0	-0.1072711707	0.9942298004	0	0	0	1
3.1	3.487276681	-0.4398878695	0	0.9990810838	0.04286009809	0	-0.04286009809	0.9990810838	0	0	0	1
3.11	3.494548873	-0.4390339106	0	0.9998407461	-0.01784607753	0	0.01784607753	0.9998407461	0	0	0	1
3.12	3.502777038	-0.4384429209	0	0.9973350938	-0.07295690906	0	0.07295690906	0.9973350938	0	0	0	1
3.13	3.511966858	-0.4380962232	0	0.9926804998	-0.1207701343	0	0.1207701343	0.9926804998	0	0	0	1
3.14	3.522079318	-0.4379767466	0	0.9871305141	-0.1599166915	0	0.1599166915	0.9871305141	0	0	0	1
3.15	3.533045671	-0.438077972	0	0.9818975026	-0.1894130261	0	0.1894130261	0.9818975026	0	0	0	1
3.16	3.544780508	-0.438413902	0	0.9779826713	-0.2086861149	0	0.2086861149	0.9779826713	0	0	0	1
3.17	3.557181196	-0.4390275847	0	0.9760277068	-0.2176463084	0	0.2176463084	0.9760277068	0	0	0	1
3.18	3.570132926	-0.4399964053	0	0.976248884	-0.2166520634	0	0.2166520634	0.976248884	0	0	0	1
3.19	3.583504765	-0.4414295322	0	0.9784403653	-0.2065295416	0	0.2065295416	0.9784403653	0	0	0	1
3.2	3.597150811	-0.4434590584	0	0.9820711686	-0.1885105299	0	0.1885105299	0.9820711686	0	0	0	1
3.21	3.610911879	-0.4462237342	0	0.9864383812	-0.1641320203	0	0.1641320203	0.9864383812	0	0	0	1
3.22	3.624614619	-0.4498230396	0	0.9908311528	-0.1351059827	0	0.1351059827	0.9908311528	0	0	0	1
3.23	3.638024407	-0.454297353	0	0.9946390445	-0.103407791	0	0.103407791	0.9946390445	0	0	0	1
3.24	3.650999416	-0.4596867783	0	0.9975075513	-0.07055979752	0	0.07055979752	0.9975075513	0	0	0	1
3.25	3.66361294	-0.4660187495	0	0.9993124366	-0.03707632638	0	0.03707632638	0.9993124366	0	0	0	1
3.26	3.675968696	-0.4733182024	0	0.9999943829	-0.003351751837	0	0.003351751837	0.9999943829	0	0	0	1
3.27	3.688089711	-0.4816140039	0	0.9995557935	0.02980294716	0	-0.02980294716	0.9995557935	0	0	0	1
3.28	3.699943769	-0.4909293875	0	0.9981177021	0.06132742262	0	-0.06132742262	0.9981177021	0	0	0	1
3.29	3.711486322	-0.5012738084	0	0.9959229785	0.09020765478	0	-0.09020765478	0.9959229785	0	0	0	1
3.3	3.723502286	-0.5120885012	0	0.9933441741	0.1151839912	0	-0.1151839912	0.9933441741	0	0	0	1
3.31	3.736598861	-0.522185018	0	0.9899843496	0.1411771493	0	-0.1411771493	0.9899843496	0	0	0	1
3.32	3.748583565	-0.5317422635	0	0.9864765737	0.1639023168	0	-0.1639023168	0.9864765737	0	0	0	1
3.33	3.758818805	-0.5406857358	0	0.9832266775	0.1823877757	0	-0.1823877757	0.9832266775	0	0	0	1
3.34	3.767596197	-0.5487200669	0	0.9802677351	0.197674398	0	-0.197674398	0.9802677351	0	0	0	1
3.35	3.77355388	-0.5552612257	0	0.9773309984	0.2117170744	0	-0.2117170744	0.9773309984	0	0	0	1
3.36	3.776411621	-0.5593793364	0	0.9761228986	0.2172189837	0	-0.2172189837	0.9761228986	0	0	0	1
3.37	3.778158458	-0.560852791	0	0.9758104544	0.2186182909	0	-0.2186182909	0.9758104544	0	0	0	1
3.38	3.779534377	-0.5600001888	0	0.9759125262	0.2181621901	0	-0.2181621901	0.9759125262	0	0	0	1
3.39	3.7806448	-0.5573788522	0	0.976265955	0.2165751257	0	-0.2165751257	0.976265955	0	0	0	1
3.4	3.781667427	-0.5535676451	0	0.9767056455	0.2145835084	0	-0.2145835084	0.9767056455	0	0	0	1
3.41	3.782947169	-0.5490813559	0	0.9770139962	0.2131751655	0	-0.2131751655	0.9770139962	0	0	0	1
3.42	3.784770572	-0.5443450797	0	0.9770352395	0.2130777809	0	-0.2130777809	0.9770352395	0	0	0	1
3.43	3.787339066	-0.539643645	0	0.9766798533	0.2147008715	0	-0.2147008715	0.9766798533	0	0	0	1
3.44	3.790811605	-0.5350179177	0	0.9758898171	0.2182637508	0	-0.2182637508	0.9758898171	0	0	0	1
3.45	3.794708132	-0.5304522686	0	0.9749338252	0.2224950257	0	-0.2224950257	0.9749338252	0	0	0	1
3.46	3.798507697	-0.5259295042	0	0.9740849725	0.2261823739	0	-0.2261823739	0.9740849725	0	0	0	1
3.47	3.80204391	-0.5214398167	0	0.9734234435	0.2290126627	0	-0.2290126627	0.9734234435	0	0	0	1
3.48	3.805399902	-0.516986388	0	0.9728997141	0.2312274774	0	-0.2312274774	0.9728997141	0	0	0	1
3.49	3.808721928	-0.5125836273	0	0.9724348797	0.2331746227	0	-0.2331746227	0.9724348797	0	0	0	1
3.5	3.81214557	-0.5082528797	0	0.9719568009	0.2351594717	0	-0.2351594717	0.9719568009	0	0	0	1
3.51	3.8157883	-0.5040159906	0	0.9714033442	0.2374353444	0	-0.2374353444	0.9714033442	0	0	0	1
3.52	3.819744726	-0.4998866171	0	0.9707274615	0.2401836705	0	-0.2401836705	0.9707274615	0	0	0	1
3.53	3.824076473	-0.4958631585	0	0.9699044897	0.243485689	0	-0.243485689	0.9699044897	0	0	0	1
3.54	3.828806958	-0.4919274485	0	0.9689339553	0.2473196115	0	-0.2473196115	0.9689339553	0	0	0	1
3.55	3.833922616	-0.4880496099	0	0.9678359065	0.2515823086	0	-0.2515823086	0.9678359065	0	0	0	1
3.56	3.839377285	-0.4841953832	0	0.9666457214	0.256117257	0	-0.256117257	0.9666457214	0	0	0	1
3.57	3.845101086	-0.480333007	0	0.9654077049	0.2607450158	0	-0.2607450158	0.9654077049	0	0	0	1
3.58	3.851013757	-0.4764376996	0	0.9641674825	0.2652943001	0	-0.2652943001	0.9641674825	0	0	0	1
3.59	3.857039578	-0.4724948105	0	0.9629639311	0.2696302418	0	-0.2696302418	0.9629639311	0	0	0	1
3.6	3.863115579	-0.4685016326	0	0.961824711	0.2736662662	0	-0.2736662662	0.961824711	0	0	0	1
3.61	3.869191482	-0.4644683836	0	0.9607662822	0.2773592455	0	-0.2773592455	0.9607662822	0	0	0	1
3.62	3.87522377	-0.4604177892	0	0.9597973789	0.280693768	0	-0.280693768	0.9597973789	0	0	0	1
3.63	3.881171097	-0.4563844314	0	0.9589216346	0.28367111	0	-0.28367111	0.9589216346	0	0	0	1
3.64	3.886998306	-0.4524132086	0	0.958136003	0.2863134642	0	-0.2863134642	0.958136003	0	0	0	1
3.65	3.892687997	-0.4485578211	0	0.9574248511	0.2886826188	0	-0.2886826188	0.9574248511	0	0	0	1
3.66	3.898257055	-0.4448784775	0	0.956751662	0.2909059251	0	-0.2909059251	0.956751662	0	0	0	1
3.67	3.903771561	-0.4414377359	0	0.9560525397	0.293195398	0	-0.293195398	0.9560525397	0	0	0	1
3.68	3.909353372	-0.4382949645	0	0.9552347288	0.2958489697	0	-0.2958489697	0.9552347288	0	0	0	1
3.69	3.915175224	-0.435501437	0	0.954179617	0.2992344541	0	-0.2992344541	0.954179617	0	0	0	1
3.7	3.921445284	-0.4330979762	0	0.9527466944	0.3037659234	0	-0.3037659234	0.9527466944	0	0	0	1
3.71	3.928384944	-0.4311145578	0	0.9507766169	0.3098771124	0	-0.3098771124	0.9507766169	0	0	0	1
3.72	3.936200675	-0.4295703795	0	0.9480959456	0.3179843989	0	-0.3179843989	0.9480959456	0	0	0	1
3.73	3.945062211	-0.4284765222	0	0.9445176151	0.3284607659	0	-0.3284607659	0.9445176151	0	0	0	1
3.74	3.95508534	-0.4278414388	0	0.9398399509	0.3416150856	0	-0.3416150856	0.9398399509	0	0	0	1
3.75	3.966318409	-0.4276775597	0	0.9338476827	0.3576709459	0	-0.3576709459	0.9338476827	0	0	0	1
3.76	3.978732214	-0.428007353	0	0.9263179992	0.3767425703	0	-0.3767425703	0.9263179992	0	0	0	1
3.77	3.992217151	-0.4288686787	0	0.9170301783	0.3988178181	0	-0.3988178181	0.9170301783	0	0	0	1
3.78	4.006589152	-0.4303182025	0	0.9057802216	0.4237477907	0	-0.4237477907	0.9057802216	0	0	0	1
3.79	4.021605331	-0.4324313971	0	0.8924017417	0.451241766	0	-0.451241766	0.8924017417	0	0	0	1
3.8	4.036990866	-0.4352980483	0	0.8768021665	0.4808512876	0	-0.4808512876	0.8768021665	0	0	0	1
3.81	4.052454168	-0.4390029812	0	0.8593182839	0.5114411863	0	-0.5114411863	0.8593182839	0	0	0	1
3.82	4.067950746	-0.4436297876	0	0.8411265957	0.5408382846	0	-0.5408382846	0.8411265957	0	0	0	1
3.83	4.083844195	-0.4492910725	0	0.8217912932	0.5697886191	0	-0.5697886191	0.8217912932	0	0	0	1
3.84	4.100156527	-0.4559880685	0	0.8007419027	0.5990095202	0	-0.5990095202	0.8007419027	0	0	0	1
3.85	4.11669439	-0.4636696311	0	0.7777414066	0.6285843655	0	-0.6285843655	0.7777414066	0	0	0	1
3.86	4.133298177	-0.4723041115	0	0.7525719067	0.6585100798	0	-0.6585100798	0.7525719067	0	0	0	1
3.87	4.14988698	-0.4818876608	0	0.725010232	0.688738095	0	-0.688738095	0.725010232	0	0	0	1
3.88	4.166412893	-0.4924260246	0	0.6949128888	0.7190939278	0	-0.7190939278	0.6949128888	0	0	0	1
3.89	4.182820353	-0.5038945701	0	0.6623071946	0.7492323939	0	-0.7492323939	0.6623071946	0	0	0	1
3.9	4.198457552	-0.5153393158	0	0.6300497988	0.7765547315	0	-0.7765547315	0.6300497988	0	0	0	1
3.91	4.213135404	-0.5259947277	0	0.5997725687	0.800170523	0	-0.800170523	0.5997725687	0	0	0	1
3.92	4.228358018	-0.5359964737	0	0.5696789517	0.8218673202	0	-0.8218673202	0.5696789517	0	0	0	1
3.93	4.244741736	-0.5452042085	0	0.539171494	0.8421959986	0	-0.8421959986	0.539171494	0	0	0	1
3.94	4.262164864	-0.5532467522	0	0.5101368287	0.8600932601	0	-0.8600932601	0.5101368287	0	0	0	1
3.95	4.280353646	-0.5590455869	0	0.4865071547	0.8736765926	0	-0.8736765926	0.4865071547	0	0	0	1
3.96	4.298689371	-0.5620534551	0	0.4720825548	0.881554344	0	-0.881554344	0.4720825548	0	0	0	1
3.97	4.316765248	-0.5624014235	0	0.4673941293	0.8840490529	0	-0.8840490529	0.4673941293	0	0	0	1
3.98	4.334673979	-0.5605049022	0	0.4696453432	0.8828551703	0	-0.8828551703	0.4696453432	0	0	0	1
3.99	4.352635169	-0.5569156428	0	0.4751081656	0.879927401	0	-0.879927401	0.4751081656	0	0	0	1
4	4.370659252	-0.5522069913	0	0.4812583755	0.8765787905	0	-0.8765787905	0.4812583755	0	0	0	1
4.01	4.388530154	-0.5469096649	0	0.4873046414	0.8732320347	0	-0.8732320347	0.4873046414	0	0	0	1
4.02	4.40596933	-0.5414654135	0	0.4936417408	0.8696653562	0	-0.8696653562	0.4936417408	0	0	0	1
4.03	4.422744029	-0.5361057571	0	0.5012932093	0.8652774805	0	-0.8652774805	0.5012932093	0	0	0	1
4.04	4.43879447	-0.530840272	0	0.5110136204	0.8595726146	0	-0.8595726146	0.5110136204	0	0	0	1
4.05	4.454321938	-0.5256371932	0	0.5226932606	0.852520824	0	-0.852520824	0.5226932606	0	0	0	1
4.06	4.46953265	-0.5204571791	0	0.5361599389	0.8441164137	0	-0.8441164137	0.5361599389	0	0	0	1
4.07	4.484458733	-0.5152823675	0	0.5515613728	0.834134313	0	-0.834134313	0.5515613728	0	0	0	1
4.08	4.499005641	-0.5101280837	0	0.5690617605	0.8222947845	0	-0.8222947845	0.5690617605	0	0	0	1
4.09	4.513071331	-0.5050342647	0	0.5884746459	0.8085156716	0	-0.8085156716	0.5884746459	0	0	0	1
4.1	4.526605614	-0.5000500938	0	0.6092173253	0.7930033105	0	-0.7930033105	0.6092173253	0	0	0	1
4.11	4.539597455	-0.4952220054	0	0.6305498352	0.776148765	0	-0.776148765	0.6305498352	0	0	0	1
4.12	4.552035537	-0.4905868918	0	0.6518772463	0.7583245056	0	-0.7583245056	0.6518772463	0	0	0	1
4.13	4.563882312	-0.486167692	0	0.6729425049	0.7396947919	0	-0.7396947919	0.6729425049	0	0	0	1
4.14	4.575076389	-0.4819704166	0	0.6938373162	0.7201317786	0	-0.7201317786	0.6938373162	0	0	0	1
4.15	4.585554823	-0.4779840621	0	0.7148692928	0.6992581027	0	-0.6992581027	0.7148692928	0	0	0	1
4.16	4.595275572	-0.4741851367	0	0.7363899561	0.6765573387	0	-0.6765573387	0.7363899561	0	0	0	1
