0	-0.04399360314	-0.3880862754	0	0.9466103265	0.3223800392	0	-0.3223800392	0.9466103265	0	0	0	1
0.01	-0.02109707442	-0.389121381	0	0.9390432115	0.3437991374	0	-0.3437991374	0.9390432115	0	0	0	1
0.02	0.004776273249	-0.3912637454	0	0.9242332183	0.3818284407	0	-0.3818284407	0.9242332183	0	0	0	1
0.03	0.03070480387	-0.3942021494	0	0.9044396976	0.4266014925	0	-0.4266014925	0.9044396976	0	0	0	1
0.04	0.056674814	-0.3980567063	0	0.8791716424	0.4765052185	0	-0.4765052185	0.8791716424	0	0	0	1
0.05	0.08295910803	-0.4029618025	0	0.8481174561	0.529808249	0	-0.529808249	0.8481174561	0	0	0	1
0.06	0.1093190774	-0.4089671364	0	0.8124938192	0.5829698051	0	-0.5829698051	0.8124938192	0	0	0	1
0.07	0.135373935	-0.4160633976	0	0.7744970462	0.6325775252	0	-0.6325775252	0.7744970462	0	0	0	1
0.08	0.1609446965	-0.4242097319	0	0.7362554004	0.6767037648	0	-0.6767037648	0.7362554004	0	0	0	1
0.09	0.1861041058	-0.4333439228	0	0.6992320478	0.7148947778	0	-0.7148947778	0.6992320478	0	0	0	1
0.1	0.2110873112	-0.4433902671	0	0.6642217076	0.7475356334	0	-0.7475356334	0.6642217076	0	0	0	1
0.11	0.2361958385	-0.4542682123	0	0.6317039605	0.7752097177	0	-0.7752097177	0.6317039605	0	0	0	1
0.12	0.2617345637	-0.4658965655	0	0.6022795714	0.7982852359	0	-0.7982852359	0.6022795714	0	0	0	1
0.13	0.287976159	-0.4781915702	0	0.5769888207	0.8167520437	0	-0.8167520437	0.5769888207	0	0	0	1
0.14	0.3151390212	-0.4910624416	0	0.5573830418	0.8302554696	0	-0.8302554696	0.5573830418	0	0	0	1
0.15	0.3433690522	-0.5044098004	0	0.5453156872	0.8382307566	0	-0.8382307566	0.5453156872	0	0	0	1
0.16	0.3726611419	-0.5179449324	0	0.5429533128	0.8397628833	0	-0.8397628833	0.5429533128	0	0	0	1
0.17	0.4024675464	-0.5298630017	0	0.5544169184	0.8322390766	0	-0.8322390766	0.5544169184	0	0	0	1
0.18	0.4330674404	-0.5392726725	0	0.5776863676	0.8162588197	0	-0.8162588197	0.5776863676	0	0	0	1
0.19	0.464982702	-0.5440124807	0	0.6013707366	0.7989701103	0	-0.7989701103	0.6013707366	0	0	0	1
0.2	0.4966541954	-0.543541869	0	0.6250093463	0.7806172667	0	-0.7806172667	0.6250093463	0	0	0	1
0.21	0.5248778879	-0.5391511574	0	0.6611389422	0.7502634865	0	-0.7502634865	0.6611389422	0	0	0	1
0.22	0.5496394992	-0.5320169558	0	0.7068591778	0.7073542979	0	-0.7073542979	0.7068591778	0	0	0	1
0.23	0.5726216945	-0.5229591872	0	0.7518936374	0.6592844288	0	-0.6592844288	0.7518936374	0	0	0	1
0.24	0.5952911599	-0.5125710605	0	0.7884135344	0.6151455915	0	-0.6151455915	0.7884135344	0	0	0	1
0.25	0.6172957382	-0.5017341305	0	0.8168618789	0.5768333129	0	-0.5768333129	0.8168618789	0	0	0	1
0.26	0.6373515634	-0.4911481415	0	0.8411129292	0.5408595385	0	-0.5408595385	0.8411129292	0	0	0	1
0.27	0.6548456548	-0.4810923362	0	0.8633864074	0.5045432702	0	-0.5045432702	0.8633864074	0	0	0	1
0.28	0.6700734167	-0.4714463474	0	0.883887032	0.467700454	0	-0.467700454	0.883887032	0	0	0	1
0.29	0.6835955251	-0.4619770319	0	0.9025002101	0.4306894133	0	-0.4306894133	0.9025002101	0	0	0	1
0.3	0.6957481118	-0.452600322	0	0.9196708841	0.3926900368	0	-0.3926900368	0.9196708841	0	0	0	1
0.31	0.7066304615	-0.4434131936	0	0.9360354207	0.3519057987	0	-0.3519057987	0.9360354207	0	0	0	1
0.32	0.716331077	-0.43459336	0	0.9517680847	0.3068183713	0	-0.3068183713	0.9517680847	0	0	0	1
0.33	0.7250479809	-0.4263253424	0	0.9664302903	0.2569289669	0	-0.2569289669	0.9664302903	0	0	0	1
0.34	0.7330394217	-0.4187860429	0	0.9792597748	0.2026087203	0	-0.2026087203	0.9792597748	0	0	0	1
0.35	0.7405384082	-0.4121419924	0	0.9894804085	0.1446669319	0	-0.1446669319	0.9894804085	0	0	0	1
0.36	0.7477255044	-0.4065264386	0	0.9964539444	0.08413998257	0	-0.08413998257	0.9964539444	0	0	0	1
0.37	0.7547279195	-0.4019757253	0	0.9997519983	0.02226975225	0	-0.02226975225	0.9997519983	0	0	0	1
0.38	0.7617148494	-0.3984714858	0	0.9992296916	-0.03924313167	0	0.03924313167	0.9992296916	0	0	0	1
0.39	0.7688828587	-0.3959825709	0	0.9951342595	-0.09852819673	0	0.09852819673	0.9951342595	0	0	0	1
0.4	0.7763879929	-0.3944643578	0	0.9880795881	-0.1539439104	0	0.1539439104	0.9880795881	0	0	0	1
0.41	0.7843284772	-0.3938249387	0	0.9789485661	-0.2041070916	0	0.2041070916	0.9789485661	0	0	0	1
0.42	0.7927462495	-0.3939429741	0	0.9687928448	-0.2478717892	0	0.2478717892	0.9687928448	0	0	0	1
0.43	0.8016240487	-0.3947115544	0	0.9587354236	-0.2842998199	0	0.2842998199	0.9587354236	0	0	0	1
0.44	0.8109487022	-0.3960385702	0	0.9499453686	-0.3124160634	0	0.3124160634	0.9499453686	0	0	0	1
0.45	0.8207205263	-0.3978500731	0	0.9435353362	-0.3312718963	0	0.3312718963	0.9435353362	0	0	0	1
0.46	0.830931097	-0.4000996838	0	0.9403694813	-0.3401547274	0	0.3401547274	0.9403694813	0	0	0	1
0.47	0.8415544404	-0.4027735285	0	0.9408856827	-0.3387242714	0	0.3387242714	0.9408856827	0	0	0	1
0.48	0.8525535215	-0.4058906347	0	0.9450012097	-0.3270668335	0	0.3270668335	0.9450012097	0	0	0	1
0.49	0.8638885775	-0.4095012792	0	0.9521208437	-0.3057219307	0	0.3057219307	0.9521208437	0	0	0	1
0.5	0.8755194892	-0.4136837608	0	0.9612439524	-0.2756992274	0	0.2756992274	0.9612439524	0	0	0	1
0.51	0.8874030781	-0.4185385216	0	0.9711512776	-0.2384642449	0	0.2384642449	0.9711512776	0	0	0	1
0.52	0.8994883653	-0.4241791382	0	0.9806303157	-0.1958677714	0	0.1958677714	0.9806303157	0	0	0	1
0.53	0.9117109752	-0.4307177435	0	0.9886833811	-0.1500172385	0	0.1500172385	0.9886833811	0	0	0	1
0.54	0.9239825723	-0.4382333831	0	0.9946677552	-0.1031312603	0	0.1031312603	0.9946677552	0	0	0	1
0.55	0.936195304	-0.4467801527	0	0.9983563919	-0.05731068596	0	0.05731068596	0.9983563919	0	0	0	1
0.56	0.9483008578	-0.4563983076	0	0.9999001821	-0.01412889885	0	0.01412889885	0.9999001821	0	0	0	1
0.57	0.9602877909	-0.4671025534	0	0.9996808263	0.02526352013	0	-0.02526352013	0.9996808263	0	0	0	1
0.58	0.9720815455	-0.4788944452	0	0.9982134661	0.05974843934	0	-0.05974843934	0.9982134661	0	0	0	1
0.59	0.9835204041	-0.4917677521	0	0.9960955984	0.08828113539	0	-0.08828113539	0.9960955984	0	0	0	1
0.6	0.9944774698	-0.5056623376	0	0.9938972187	0.110310102	0	-0.110310102	0.9938972187	0	0	0	1
0.61	1.007267516	-0.5189560464	0	0.9909926578	0.1339162133	0	-0.1339162133	0.9909926578	0	0	0	1
0.62	1.019369267	-0.5312330947	0	0.9879267562	0.1549216716	0	-0.1549216716	0.9879267562	0	0	0	1
0.63	1.028415881	-0.5426938147	0	0.9855487575	0.169391991	0	-0.169391991	0.9855487575	0	0	0	1
0.64	1.032816452	-0.5523811937	0	0.9835859706	0.1804401241	0	-0.1804401241	0.9835859706	0	0	0	1
0.65	1.032897345	-0.5588071565	0	0.9837870965	0.1793403157	0	-0.1793403157	0.9837870965	0	0	0	1
0.66	1.031047434	-0.5615452657	0	0.9851302621	0.1718090998	0	-0.1718090998	0.9851302621	0	0	0	1
0.67	1.028398888	-0.5608939749	0	0.9869457753	0.1610529	0	-0.1610529	0.9869457753	0	0	0	1
0.68	1.025687138	-0.5575415857	0	0.9887855937	0.1493420558	0	-0.1493420558	0.9887855937	0	0	0	1
0.69	1.023710428	-0.5523347811	0	0.9902907502	0.1390116185	0	-0.1390116185	0.9902907502	0	0	0	1
0.7	1.023194811	-0.5461097092	0	0.9912421481	0.1320568208	0	-0.1320568208	0.9912421481	0	0	0	1
0.71	1.024524164	-0.5395427382	0	0.9915955937	0.1293761128	0	-0.1293761128	0.9915955937	0	0	0	1
0.72	1.027962493	-0.5328688784	0	0.9913564489	0.131196003	0	-0.131196003	0.9913564489	0	0	0	1
0.73	1.033222887	-0.5260658293	0	0.9906385778	0.1365108354	0	-0.1365108354	0.9906385778	0	0	0	1
0.74	1.039705617	-0.5191094722	0	0.9896152584	0.1437415747	0	-0.1437415747	0.9896152584	0	0	0	1
0.75	1.046968643	-0.5119947056	0	0.9884104494	0.1518050842	0	-0.1518050842	0.9884104494	0	0	0	1
0.76	1.054776335	-0.5047374263	0	0.9870894195	0.1601701532	0	-0.1601701532	0.9870894195	0	0	0	1
0.77	1.063022886	-0.4973726981	0	0.9856772144	0.1686429039	0	-0.1686429039	0.9856772144	0	0	0	1
0.78	1.071661699	-0.4899535673	0	0.9841769017	0.1771886738	0	-0.1771886738	0.9841769017	0	0	0	1
0.79	1.080657312	-0.4825465278	0	0.9825844078	0.1858167958	0	-0.1858167958	0.9825844078	0	0	0	1
0.8	1.089956211	-0.4752249099	0	0.9808998629	0.1945133901	0	-0.1945133901	0.9808998629	0	0	0	1
0.81	1.099471751	-0.4680636564	0	0.9791352749	0.203209531	0	-0.203209531	0.9791352749	0	0	0	1
0.82	1.109076429	-0.4611393757	0	0.9773196048	0.2117696629	0	-0.2117696629	0.9773196048	0	0	0	1
0.83	1.118605819	-0.4545310849	0	0.9754987316	0.2200050559	0	-0.2200050559	0.9754987316	0	0	0	1
0.84	1.127875454	-0.4483195763	0	0.9737294907	0.2277078806	0	-0.2277078806	0.9737294907	0	0	0	1
0.85	1.136716095	-0.4425826475	0	0.9720651593	0.2347111544	0	-0.2347111544	0.9720651593	0	0	0	1
0.86	1.145013344	-0.4373887157	0	0.9705378405	0.2409487501	0	-0.2409487501	0.9705378405	0	0	0	1
0.87	1.152738705	-0.4327908255	0	0.9691438837	0.2464957051	0	-0.2464957051	0.9691438837	0	0	0	1
0.88	1.159963112	-0.4288221395	0	0.9678365623	0.2515797858	0	-0.2515797858	0.9678365623	0	0	0	1
0.89	1.166849834	-0.4254940379	0	0.9665279046	0.2565615122	0	-0.2565615122	0.9665279046	0	0	0	1
0.9	1.173631379	-0.4227977791	0	0.9650961675	0.2618957568	0	-0.2618957568	0.9650961675	0	0	0	1
0.91	1.180576163	-0.4207092094	0	0.9633944839	0.2680877997	0	-0.2680877997	0.9633944839	0	0	0	1
0.92	1.187952739	-0.4191952329	0	0.9612570692	0.2756534907	0	-0.2756534907	0.9612570692	0	0	0	1
0.93	1.195994911	-0.4182211499	0	0.9585038078	0.2850797266	0	-0.2850797266	0.9585038078	0	0	0	1
0.94	1.204875067	-0.4177583883	0	0.9549422371	0.296791718	0	-0.296791718	0.9549422371	0	0	0	1
0.95	1.21468967	-0.4177917811	0	0.9503670437	0.3111309728	0	-0.3111309728	0.9503670437	0	0	0	1
0.96	1.225455828	-0.4183260231	0	0.9445593979	0.3283405912	0	-0.3283405912	0.9445593979	0	0	0	1
0.97	1.237118918	-0.4193900409	0	0.9372867583	0.3485592241	0	-0.3485592241	0.9372867583	0	0	0	1
0.98	1.24956756	-0.4210387231	0	0.928305192	0.3718191368	0	-0.3718191368	0.928305192	0	0	0	1
0.99	1.262654819	-0.4233509676	0	0.9173655192	0.3980458568	0	-0.3980458568	0.9173655192	0	0	0	1
1	1.276222137	-0.4264244259	0	0.9042253249	0.4270556893	0	-0.4270556893	0.9042253249	0	0	0	1
1.01	1.290123014	-0.4303665478	0	0.8886879679	0.4585124815	0	-0.4585124815	0.8886879679	0	0	0	1
1.02	1.304244173	-0.435278707	0	0.870947796	0.4913755556	0	-0.4913755556	0.870947796	0	0	0	1
1.03	1.318734199	-0.4412682165	0	0.8511148392	0.5249795525	0	-0.5249795525	0.8511148392	0	0	0	1
1.04	1.333804612	-0.4484156056	0	0.8285853029	0.5598628366	0	-0.5598628366	0.8285853029	0	0	0	1
1.05	1.349406229	-0.4567237553	0	0.802220115	0.5970283804	0	-0.5970283804	0.802220115	0	0	0	1
1.06	1.365125476	-0.466132265	0	0.7712868064	0.636487755	0	-0.636487755	0.7712868064	0	0	0	1
1.07	1.380510803	-0.476590922	0	0.7355446306	0.67747627	0	-0.67747627	0.7355446306	0	0	0	1
1.08	1.395253773	-0.4880752781	0	0.6951020908	0.7189110399	0	-0.7189110399	0.6951020908	0	0	0	1
1.09	1.409173775	-0.5005653728	0	0.6506193746	0.7594039961	0	-0.7594039961	0.6506193746	0	0	0	1
1.1	1.422184466	-0.5139015742	0	0.6036928515	0.7972169975	0	-0.7972169975	0.6036928515	0	0	0	1
1.11	1.434165365	-0.5267610824	0	0.5584227724	0.8295565124	0	-0.8295565124	0.5584227724	0	0	0	1
1.12	1.445718313	-0.5386150556	0	0.5161815126	0.8564792152	0	-0.8564792152	0.5161815126	0	0	0	1
1.13	1.458003975	-0.5491004717	0	0.4774400207	0.8786643424	0	-0.8786643424	0.4774400207	0	0	0	1
1.14	1.471583335	-0.5567583009	0	0.4466447625	0.8947113815	0	-0.8947113815	0.4466447625	0	0	0	1
1.15	1.486423349	-0.561065405	0	0.4275077227	0.9040116963	0	-0.9040116963	0.4275077227	0	0	0	1
1.16	1.502076321	-0.5620069774	0	0.4221674226	0.9065178803	0	-0.9065178803	0.4221674226	0	0	0	1
1.17	1.518286696	-0.5599298101	0	0.4294092219	0.9031100266	0	-0.9031100266	0.4294092219	0	0	0	1
1.18	1.535088249	-0.5555029216	0	0.4453548155	0.8953541692	0	-0.8953541692	0.4453548155	0	0	0	1
1.19	1.552555838	-0.5495345324	0	0.4659164827	0.8848287016	0	-0.8848287016	0.4659164827	0	0	0	1
1.2	1.570616424	-0.542787839	0	0.4886416747	0.8724845636	0	-0.8724845636	0.4886416747	0	0	0	1
1.21	1.58905351	-0.5358166904	0	0.5131245289	0.858314172	0	-0.858314172	0.5131245289	0	0	0	1
1.22	1.607595414	-0.5287314752	0	0.5405065086	0.8413398328	0	-0.8413398328	0.5405065086	0	0	0	1
1.23	1.626154617	-0.5214687614	0	0.5715747391	0.8205500092	0	-0.8205500092	0.5715747391	0	0	0	1
1.24	1.644801951	-0.5139408354	0	0.6062853285	0.7952471946	0	-0.7952471946	0.6062853285	0	0	0	1
1.25	1.663574716	-0.5060747634	0	0.6441580229	0.7648924379	0	-0.7648924379	0.6441580229	0	0	0	1
1.26	1.682383416	-0.4978512472	0	0.6844758907	0.7290354964	0	-0.7290354964	0.6844758907	0	0	0	1
1.27	1.701052375	-0.489317739	0	0.7262297312	0.6874520911	0	-0.6874520911	0.7262297312	0	0	0	1
1.28	1.719402084	-0.4805747842	0	0.7681168889	0.6403096477	0	-0.6403096477	0.7681168889	0	0	0	1
1.29	1.737289718	-0.4717526144	0	0.8087584371	0.5881409614	0	-0.5881409614	0.8087584371	0	0	0	1
1.3	1.754599833	-0.4629938435	0	0.8469823278	0.5316210459	0	-0.5316210459	0.8469823278	0	0	0	1
1.31	1.771227372	-0.4544423226	0	0.8819686442	0.4713080846	0	-0.4713080846	0.8819686442	0	0	0	1
1.32	1.787080648	-0.4462344494	0	0.9131882363	0.4075380291	0	-0.4075380291	0.9131882363	0	0	0	1
1.33	1.802097286	-0.4384926738	0	0.9402439514	0.3405015592	0	-0.3405015592	0.9402439514	0	0	0	1
1.34	1.816252769	-0.4313229626	0	0.9627470652	0.2704035659	0	-0.2704035659	0.9627470652	0	0	0	1
1.35	1.829554784	-0.4248161909	0	0.9802780186	0.1976233952	0	-0.1976233952	0.9802780186	0	0	0	1
1.36	1.842032266	-0.4190492845	0	0.9924250647	0.1228514998	0	-0.1228514998	0.9924250647	0	0	0	1
1.37	1.853727167	-0.4140835077	0	0.998885953	0.04718954139	0	-0.04718954139	0.998885953	0	0	0	1
1.38	1.864688536	-0.4099605625	0	0.9996128498	-0.02782356174	0	0.02782356174	0.9996128498	0	0	0	1
1.39	1.874966411	-0.4066993192	0	0.994958967	-0.1002828702	0	0.1002828702	0.994958967	0	0	0	1
1.4	1.88460531	-0.4042946953	0	0.9857739638	-0.1680764476	0	0.1680764476	0.9857739638	0	0	0	1
1.41	1.893639415	-0.4027193271	0	0.9734036067	-0.229096963	0	0.229096963	0.9734036067	0	0	0	1
1.42	1.902091574	-0.4019275853	0	0.9595819907	-0.2814292151	0	0.2814292151	0.9595819907	0	0	0	1
1.43	1.909975247	-0.4018621905	0	0.9462277257	-0.3235013001	0	0.3235013001	0.9462277257	0	0	0	1
1.44	1.917301019	-0.4024625968	0	0.9351797795	-0.3541733757	0	0.3541733757	0.9351797795	0	0	0	1
1.45	1.924085139	-0.4036740315	0	0.9279294074	-0.3727559724	0	0.3727559724	0.9279294074	0	0	0	1
1.46	1.930356615	-0.4054566467	0	0.9253979757	-0.378996816	0	0.378996816	0.9253979757	0	0	0	1
1.47	1.936160962	-0.4077930714	0	0.9278083713	-0.3730571351	0	0.3730571351	0.9278083713	0	0	0	1
1.48	1.941559802	-0.4106930506	0	0.9346760881	-0.3555005068	0	0.3555005068	0.9346760881	0	0	0	1
1.49	1.946626728	-0.4141939168	0	0.944923398	-0.3272915703	0	0.3272915703	0.944923398	0	0	0	1
1.5	1.951441059	-0.4183561485	0	0.957092177	-0.2897836515	0	0.2897836515	0.957092177	0	0	0	1
1.51	1.953474498	-0.4236510829	0	0.9659633956	-0.2586787938	0	0.2586787938	0.9659633956	0	0	0	1
1.52	1.955741447	-0.4291203784	0	0.9744730183	-0.224504647	0	0.224504647	0.9744730183	0	0	0	1
1.53	1.958832566	-0.4347495808	0	0.982779826	-0.1847804469	0	0.1847804469	0.982779826	0	0	0	1
1.54	1.961956521	-0.4409398398	0	0.9897994419	-0.1424677679	0	0.1424677679	0.9897994419	0	0	0	1
1.55	1.965100918	-0.4478865013	0	0.9952663344	-0.09718499638	0	0.09718499638	0.9952663344	0	0	0	1
1.56	1.968413948	-0.4557105303	0	0.9988156352	-0.04865518421	0	0.04865518421	0.9988156352	0	0	0	1
1.57	1.971942157	-0.4645216376	0	0.9999982717	0.001859167505	0	-0.001859167505	0.9999982717	0	0	0	1
1.58	1.975789738	-0.4744354176	0	0.998623538	0.05245025553	0	-0.05245025553	0.998623538	0	0	0	1
1.59	1.980157056	-0.4854489312	0	0.9948541667	0.1013172591	0	-0.1013172591	0.9948541667	0	0	0	1
1.6	1.985011984	-0.4975118147	0	0.9892996476	0.1458979341	0	-0.1458979341	0.9892996476	0	0	0	1
1.61	1.990182119	-0.510515236	0	0.9831602969	0.1827452616	0	-0.1827452616	0.9831602969	0	0	0	1
1.62	1.998006761	-0.5230082343	0	0.9797918117	0.2000200133	0	-0.2000200133	0.9797918117	0	0	0	1
1.63	2.008835601	-0.5343000777	0	0.9756604363	0.2192868281	0	-0.2192868281	0.9756604363	0	0	0	1
1.64	2.018097788	-0.5448032272	0	0.9720348304	0.2348367271	0	-0.2348367271	0.9720348304	0	0	0	1
1.65	2.021977431	-0.5537834712	0	0.9696986038	0.2443043549	0	-0.2443043549	0.9696986038	0	0	0	1
1.66	2.020910262	-0.5597847468	0	0.9707486031	0.2400982083	0	-0.2400982083	0.9707486031	0	0	0	1
1.67	2.017592824	-0.5622787545	0	0.9734921419	0.228720462	0	-0.228720462	0.9734921419	0	0	0	1
1.68	2.013008615	-0.5613986674	0	0.9770735405	0.2129020819	0	-0.2129020819	0.9770735405	0	0	0	1
1.69	2.007775103	-0.5577059838	0	0.9808791058	0.1946180359	0	-0.1946180359	0.9808791058	0	0	0	1
1.7	2.003133342	-0.5520659455	0	0.9841260304	0.1774710011	0	-0.1774710011	0.9841260304	0	0	0	1
1.71	2.000691909	-0.545526726	0	0.9861310669	0.1659684273	0	-0.1659684273	0.9861310669	0	0	0	1
1.72	2.001565457	-0.5390269265	0	0.9866155009	0.1630639547	0	-0.1630639547	0.9866155009	0	0	0	1
1.73	2.005959623	-0.5329681572	0	0.9856416893	0.1688504078	0	-0.1688504078	0.9856416893	0	0	0	1
1.74	2.013037671	-0.5274138182	0	0.9834994606	0.1809110581	0	-0.1809110581	0.9834994606	0	0	0	1
1.75	2.021900138	-0.5222663149	0	0.980443177	0.1968023797	0	-0.1968023797	0.980443177	0	0	0	1
1.76	2.031907615	-0.5173583351	0	0.9766680309	0.2147546446	0	-0.2147546446	0.9766680309	0	0	0	1
1.77	2.042482104	-0.5125217689	0	0.9724272183	0.2332065716	0	-0.2332065716	0.9724272183	0	0	0	1
1.78	2.053008216	-0.5076374936	0	0.96807689	0.2506534161	0	-0.2506534161	0.96807689	0	0	0	1
1.79	2.06293271	-0.5026612789	0	0.9639968522	0.2659136496	0	-0.2659136496	0.9639968522	0	0	0	1
1.8	2.071904306	-0.4976190484	0	0.9604680304	0.2783903063	0	-0.2783903063	0.9604680304	0	0	0	1
1.81	2.079839253	-0.4925802404	0	0.9575978013	0.2881084015	0	-0.2881084015	0.9575978013	0	0	0	1
1.82	2.086893475	-0.4876257664	0	0.9553254736	0.2955558145	0	-0.2955558145	0.9553254736	0	0	0	1
1.83	2.093369303	-0.4828222036	0	0.9534881441	0.301430521	0	-0.301430521	0.9534881441	0	0	0	1
1.84	2.09960112	-0.4782066329	0	0.9519044903	0.3063949106	0	-0.3063949106	0.9519044903	0	0	0	1
1.85	2.105860097	-0.4737818299	0	0.9504403364	0.3109070069	0	-0.3109070069	0.9504403364	0	0	0	1
1.86	2.112296772	-0.4695197194	0	0.9490419108	0.3151498875	0	-0.3151498875	0.9490419108	0	0	0	1
1.87	2.118921767	-0.465370606	0	0.9477398952	0.3190440267	0	-0.3190440267	0.9477398952	0	0	0	1
1.88	2.125614391	-0.4612751648	0	0.9466346705	0.3223085487	0	-0.3223085487	0.9466346705	0	0	0	1
1.89	2.13214877	-0.4571770362	0	0.9458713157	0.3245419143	0	-0.3245419143	0.9458713157	0	0	0	1
1.9	2.138235546	-0.4530363565	0	0.9456056401	0.3253151907	0	-0.3253151907	0.9456056401	0	0	0	1
1.91	2.143584016	-0.4488459713	0	0.9459572462	0.3242913634	0	-0.3242913634	0.9459572462	0	0	0	1
1.92	2.147996597	-0.4446516033	0	0.9469406768	0.3214083922	0	-0.3214083922	0.9469406768	0	0	0	1
1.93	2.151490862	-0.4405663804	0	0.9483870437	0.3171151454	0	-0.3171151454	0.9483870437	0	0	0	1
1.94	2.154392346	-0.4367530904	0	0.9499181211	0.3124989012	0	-0.3124989012	0.9499181211	0	0	0	1
1.95	2.157291674	-0.4333644914	0	0.9510556879	0.3090195439	0	-0.3090195439	0.9510556879	0	0	0	1
1.96	2.160896337	-0.4305097843	0	0.951360036	0.308081291	0	-0.308081291	0.951360036	0	0	0	1
1.97	2.165913711	-0.4282872165	0	0.9504309928	0.3109355689	0	-0.3109355689	0.9504309928	0	0	0	1
1.98	2.172915698	-0.4267867077	0	0.94790339	0.3185579434	0	-0.3185579434	0.94790339	0	0	0	1
1.99	2.182176744	-0.4260445789	0	0.9435090544	0.3313467432	0	-0.3313467432	0.9435090544	0	0	0	1
2	2.193686914	-0.4260536722	0	0.9370363308	0.3492318925	0	-0.3492318925	0.9370363308	0	0	0	1
2.01	2.207244363	-0.4268040019	0	0.9282780232	0.3718869608	0	-0.3718869608	0.9282780232	0	0	0	1
2.02	2.222476575	-0.4282928614	0	0.9170713871	0.3987230504	0	-0.3987230504	0.9170713871	0	0	0	1
2.03	2.238867788	-0.4305277428	0	0.9033381777	0.428929058	0	-0.428929058	0.9033381777	0	0	0	1
2.04	2.255839544	-0.433535746	0	0.8870931022	0.4615905416	0	-0.4615905416	0.8870931022	0	0	0	1
2.05	2.272843887	-0.4373664095	0	0.868459362	0.4957603621	0	-0.4957603621	0.868459362	0	0	0	1
2.06	2.289436521	-0.4420775346	0	0.8479203998	0.5301235663	0	-0.5301235663	0.8479203998	0	0	0	1
2.07	2.3055124	-0.447730681	0	0.8266609465	0.5627003461	0	-0.5627003461	0.8266609465	0	0	0	1
2.08	2.321435575	-0.4544184669	0	0.8042467721	0.5942954902	0	-0.5942954902	0.8042467721	0	0	0	1
2.09	2.337307018	-0.4621402719	0	0.780018298	0.6257567057	0	-0.6257567057	0.780018298	0	0	0	1
2.1	2.353067589	-0.4708583733	0	0.7536859162	0.6572347675	0	-0.6572347675	0.7536859162	0	0	0	1
2.11	2.368721311	-0.4805568108	0	0.7250289905	0.688718348	0	-0.688718348	0.7250289905	0	0	0	1
2.12	2.3843499	-0.4912424103	0	0.6938812208	0.7200894746	0	-0.7200894746	0.6938812208	0	0	0	1
2.13	2.400027488	-0.5028680518	0	0.6603520818	0.7509561426	0	-0.7509561426	0.6603520818	0	0	0	1
2.14	2.415620745	-0.5144889181	0	0.6266344912	0.7793132967	0	-0.7793132967	0.6266344912	0	0	0	1
2.15	2.431852834	-0.5255820595	0	0.5929412857	0.8052456965	0	-0.8052456965	0.5929412857	0	0	0	1
2.16	2.449088585	-0.5360347608	0	0.5595561428	0.8287924487	0	-0.8287924487	0.5595561428	0	0	0	1
2.17	2.467085197	-0.5455455857	0	0.5286249368	0.8488555096	0	-0.8488555096	0.5286249368	0	0	0	1
2.18	2.485763098	-0.5537170078	0	0.5018656787	0.8649455709	0	-0.8649455709	0.5018656787	0	0	0	1
2.19	2.505099545	-0.5594646445	0	0.4819190838	0.8762157249	0	-0.8762157249	0.4819190838	0	0	0	1
2.2	2.524563231	-0.5623769098	0	0.4711758639	0.8820392878	0	-0.8820392878	0.4711758639	0	0	0	1
2.21	2.543767416	-0.5626130868	0	0.4692040922	0.8830897575	0	-0.8830897575	0.4692040922	0	0	0	1
2.22	2.562774088	-0.5606069184	0	0.4728293871	0.8811539994	0	-0.8811539994	0.4728293871	0	0	0	1
2.23	2.581736735	-0.5569157927	0	0.478525761	0.878073514	0	-0.878073514	0.478525761	0	0	0	1
2.24	2.600606162	-0.5521101709	0	0.4842694372	0.8749189175	0	-0.8749189175	0.4842694372	0	0	0	1
2.25	2.619138984	-0.5467131351	0	0.4898069314	0.8718309297	0	-0.8718309297	0.4898069314	0	0	0	1
2.26	2.637052088	-0.5411495134	0	0.4959908308	0.8683277582	0	-0.8683277582	0.4959908308	0	0	0	1
2.27	2.654115797	-0.5355935538	0	0.5041721691	0.8636031635	0	-0.8636031635	0.5041721691	0	0	0	1
2.28	2.670341805	-0.5300450588	0	0.5149891951	0.8571966688	0	-0.8571966688	0.5149891951	0	0	0	1
2.29	2.68598575	-0.5244794767	0	0.5281897336	0.8491263777	0	-0.8491263777	0.5281897336	0	0	0	1
2.3	2.701246952	-0.5188751707	0	0.5435609982	0.839369669	0	-0.839369669	0.5435609982	0	0	0	1
2.31	2.716135323	-0.5132408059	0	0.5611691403	0.8277011514	0	-0.8277011514	0.5611691403	0	0	0	1
2.32	2.730557375	-0.5076199231	0	0.5809917838	0.8139094219	0	-0.8139094219	0.5809917838	0	0	0	1
2.33	2.74443617	-0.5020758241	0	0.6026203674	0.7980280025	0	-0.7980280025	0.6026203674	0	0	0	1
2.34	2.757753906	-0.4966728256	0	0.6253197393	0.780368646	0	-0.780368646	0.6253197393	0	0	0	1
2.35	2.770523945	-0.4914642851	0	0.6483292995	0.7613600458	0	-0.7613600458	0.6483292995	0	0	0	1
2.36	2.78274564	-0.4864878169	0	0.6711567486	0.7413154651	0	-0.7413154651	0.6711567486	0	0	0	1
2.37	2.794381864	-0.4817632255	0	0.6937127574	0.7202517686	0	-0.7202517686	0.6937127574	0	0	0	1
2.38	2.80537079	-0.4772920947	0	0.7162375121	0.6978565943	0	-0.6978565943	0.7162375121	0	0	0	1
2.39	2.81565537	-0.4730602589	0	0.7391077254	0.6735872402	0	-0.6735872402	0.7391077254	0	0	0	1
2.4	2.825205653	-0.4690449326	0	0.7626508547	0.6468103847	0	-0.6468103847	0.7626508547	0	0	0	1
2.41	2.834020072	-0.4652249721	0	0.7870498707	0.616889375	0	-0.616889375	0.7870498707	0	0	0	1
2.42	2.842112935	-0.461590195	0	0.8123255175	0.5832042983	0	-0.5832042983	0.8123255175	0	0	0	1
2.43	2.849505217	-0.4581453773	0	0.8383386907	0.5451497406	0	-0.5451497406	0.8383386907	0	0	0	1
2.44	2.856229716	-0.4549079752	0	0.8647693266	0.5021693059	0	-0.5021693059	0.8647693266	0	0	0	1
2.45	2.862348081	-0.4519021499	0	0.8910807859	0.4538447235	0	-0.4538447235	0.8910807859	0	0	0	1
2.46	2.867968391	-0.4491524846	0	0.91650567	0.4000216955	0	-0.4000216955	0.91650567	0	0	0	1
2.47	2.873253985	-0.4466797557	0	0.9400859914	0.3409374266	0	-0.3409374266	0.9400859914	0	0	0	1
2.48	2.878421885	-0.4444989844	0	0.9607749043	0.2773293768	0	-0.2773293768	0.9607749043	0	0	0	1
2.49	2.883728331	-0.4426189885	0	0.9775964415	0.2104879986	0	-0.2104879986	0.9775964415	0	0	0	1
2.5	2.889436703	-0.4410436276	0	0.9898392244	0.1421911034	0	-0.1421911034	0.9898392244	0	0	0	1
2.51	2.895770995	-0.439772888	0	0.9972207671	0.07450329993	0	-0.07450329993	0.9972207671	0	0	0	1
2.52	2.90288659	-0.4388028172	0	0.999954265	0.009563887522	0	-0.009563887522	0.999954265	0	0	0	1
2.53	2.910873046	-0.4381213117	0	0.9987225419	-0.05053003273	0	0.05053003273	0.9987225419	0	0	0	1
2.54	2.919770513	-0.4377074405	0	0.9945975297	-0.1038063285	0	0.1038063285	0.9945975297	0	0	0	1
2.55	2.929573147	-0.4375379788	0	0.9889020008	-0.1485692862	0	0.1485692862	0.9889020008	0	0	0	1
2.56	2.940233011	-0.4375975816	0	0.98301374	-0.183531978	0	0.183531978	0.98301374	0	0	0	1
2.57	2.951673628	-0.4378888667	0	0.9781562674	-0.2078709133	0	0.2078709133	0.9781562674	0	0	0	1
2.58	2.963800399	-0.4384420232	0	0.9752148605	-0.2212599733	0	0.2212599733	0.9752148605	0	0	0	1
2.59	2.976503234	-0.4393216697	0	0.974613799	-0.2238927036	0	0.2238927036	0.974613799	0	0	0	1
2.6	2.989657102	-0.4406278393	0	0.9762875375	-0.2164778142	0	0.2164778142	0.9762875375	0	0	0	1
2.61	3.003122325	-0.4424894184	0	0.9797566509	-0.20019217	0	0.20019217	0.9797566509	0	0	0	1
2.62	3.016744015	-0.4450489083	0	0.9842817478	-0.1766053253	0	0.1766053253	0.9842817478	0	0	0	1
2.63	3.030354246	-0.4484242608	0	0.9890596408	-0.1475161924	0	0.1475161924	0.9890596408	0	0	0	1
2.64	3.043722974	-0.4526627346	0	0.9933624765	-0.1150260419	0	0.1150260419	0.9933624765	0	0	0	1
2.65	3.056659699	-0.4578070338	0	0.996711239	-0.08103521476	0	0.08103521476	0.996711239	0	0	0	1
2.66	3.06921208	-0.4638881899	0	0.9989264846	-0.04632362556	0	0.04632362556	0.9989264846	0	0	0	1
2.67	3.081505271	-0.4709311249	0	0.9999360378	-0.0113101839	0	0.0113101839	0.9999360378	0	0	0	1
2.68	3.093589613	-0.4789657724	0	0.9997306458	0.02320852978	0	-0.02320852978	0.9997306458	0	0	0	1
2.69	3.105446371	-0.4880188541	0	0.9984237283	0.05612538434	0	-0.05612538434	0.9984237283	0	0	0	1
2.7	3.117037542	-0.4981037824	0	0.996264232	0.08635728093	0	-0.08635728093	0.996264232	0	0	0	1
2.71	3.12863022	-0.5090136251	0	0.9937183371	0.1119100824	0	-0.1119100824	0.9937183371	0	0	0	1
2.72	3.141770809	-0.5193726105	0	0.9904001256	0.138230211	0	-0.138230211	0.9904001256	0	0	0	1
2.73	3.154322894	-0.5291525595	0	0.9867496598	0.1622501427	0	-0.1622501427	0.9867496598	0	0	0	1
2.74	3.165123044	-0.5383901225	0	0.9833144993	0.1819137032	0	-0.1819137032	0.9833144993	0	0	0	1
2.75	3.174276493	-0.546824513	0	0.9802792041	0.1976175145	0	-0.1976175145	0.9802792041	0	0	0	1
2.76	3.180883027	-0.5539328111	0	0.9771360235	0.2126151255	0	-0.2126151255	0.9771360235	0	0	0	1
2.77	3.183929497	-0.5586941791	0	0.9757672623	0.2188109911	0	-0.2188109911	0.9757672623	0	0	0	1
2.78	3.185519292	-0.560737543	0	0.9755047207	0.2199784988	0	-0.2199784988	0.9755047207	0	0	0	1
2.79	3.186578967	-0.560301054	0	0.9757685043	0.2188054523	0	-0.2188054523	0.9757685043	0	0	0	1
2.8	3.187281113	-0.5579173217	0	0.9763522807	0.2161856241	0	-0.2161856241	0.9763522807	0	0	0	1
2.81	3.187823718	-0.5541785512	0	0.9770674015	0.2129302538	0	-0.2129302538	0.9770674015	0	0	0	1
2.82	3.188609266	-0.5496331467	0	0.9776578277	0.2102026924	0	-0.2102026924	0.9776578277	0	0	0	1
2.83	3.190019315	-0.5447494089	0	0.9779174353	0.2089916021	0	-0.2089916021	0.9779174353	0	0	0	1
2.84	3.192322521	-0.5398615945	0	0.9777270776	0.2098803512	0	-0.2098803512	0.9777270776	0	0	0	1
2.85	3.195739659	-0.5350412719	0	0.9770036887	0.2132224011	0	-0.2132224011	0.9770036887	0	0	0	1
2.86	3.199798997	-0.5302788027	0	0.9760083043	0.2177333002	0	-0.2177333002	0.9760083043	0	0	0	1
2.87	3.203917254	-0.5255573437	0	0.9750401798	0.2220284841	0	-0.2220284841	0.9750401798	0	0	0	1
2.88	3.207859885	-0.5208652493	0	0.9742138902	0.2256264526	0	-0.2256264526	0.9742138902	0	0	0	1
2.89	3.211656882	-0.516203712	0	0.9735097608	0.2286454582	0	-0.2286454582	0.9735097608	0	0	0	1
2.9	3.215415173	-0.5115861567	0	0.9728714353	0.2313464292	0	-0.2313464292	0.9728714353	0	0	0	1
2.91	3.219244197	-0.5070352147	0	0.9722408731	0.2339822317	0	-0.2339822317	0.9722408731	0	0	0	1
2.92	3.223249764	-0.5025770613	0	0.9715607678	0.2367903599	0	-0.2367903599	0.9715607678	0	0	0	1
2.93	3.227527654	-0.4982321596	0	0.9707812555	0.2399661519	0	-0.2399661519	0.9707812555	0	0	0	1
2.94	3.23214982	-0.494006654	0	0.9698702573	0.2436220106	0	-0.2436220106	0.9698702573	0	0	0	1
2.95	3.237153687	-0.4898892654	0	0.9688188689	0.2477700534	0	-0.2477700534	0.9688188689	0	0	0	1
2.96	3.242538143	-0.4858550577	0	0.9676405099	0.2523328033	0	-0.2523328033	0.9676405099	0	0	0	1
2.97	3.248263208	-0.4818724762	0	0.9663678644	0.257163665	0	-0.257163665	0.9663678644	0	0	0	1
2.98	3.254255835	-0.4779103169	0	0.9650477064	0.2620742726	0	-0.2620742726	0.9650477064	0	0	0	1
2.99	3.260423372	-0.4739427321	0	0.9637329606	0.2668684706	0	-0.2668684706	0.9637329606	0	0	0	1
3	3.26667085	-0.4699529627	0	0.9624730842	0.2713771584	0	-0.2713771584	0.9624730842	0	0	0	1
3.01	3.272913929	-0.4659361353	0	0.9613067441	0.2754802057	0	-0.2754802057	0.9613067441	0	0	0	1
3.02	3.279083185	-0.4619010558	0	0.9602592503	0.2791096062	0	-0.2791096062	0.9602592503	0	0	0	1
3.03	3.285122374	-0.4578706496	0	0.9593436058	0.2822407588	0	-0.2822407588	0.9593436058	0	0	0	1
3.04	3.290988257	-0.4538813625	0	0.9585610751	0.2848871097	0	-0.2848871097	0.9585610751	0	0	0	1
3.05	3.296657772	-0.4499815955	0	0.9578981662	0.2871081732	0	-0.2871081732	0.9578981662	0	0	0	1
3.06	3.302141879	-0.4462291787	0	0.9573202309	0.2890293677	0	-0.2890293677	0.9573202309	0	0	0	1
3.07	3.307500872	-0.4426875681	0	0.9567646608	0.2908631702	0	-0.2908631702	0.9567646608	0	0	0	1
3.08	3.312853924	-0.4394202297	0	0.9561379312	0.2929168083	0	-0.2929168083	0.9561379312	0	0	0	1
3.09	3.318375879	-0.4364839974	0	0.9553191935	0.2955761128	0	-0.2955761128	0.9553191935	0	0	0	1
3.1	3.324284007	-0.4339253315	0	0.954165217	0.2992803679	0	-0.2992803679	0.954165217	0	0	0	1
3.11	3.330813727	-0.431778324	0	0.9525158682	0.3044889504	0	-0.3044889504	0.9525158682	0	0	0	1
3.12	3.338192671	-0.430066353	0	0.9501962083	0.3116523154	0	-0.3116523154	0.9501962083	0	0	0	1
3.13	3.346613076	-0.4288026809	0	0.9470200276	0.3211745121	0	-0.3211745121	0.9470200276	0	0	0	1
3.14	3.356212048	-0.427995139	0	0.9427892739	0.3333892395	0	-0.3333892395	0.9427892739	0	0	0	1
3.15	3.367058985	-0.4276533048	0	0.9372923622	0.3485441547	0	-0.3485441547	0.9372923622	0	0	0	1
3.16	3.379145814	-0.4277955789	0	0.9303074686	0.3667806073	0	-0.3667806073	0.9303074686	0	0	0	1
3.17	3.392378463	-0.4284534381	0	0.9216147342	0.3881060186	0	-0.3881060186	0.9216147342	0	0	0	1
3.18	3.406586419	-0.4296779239	0	0.9110040207	0.4123974711	0	-0.4123974711	0.9110040207	0	0	0	1
3.19	3.421532507	-0.4315391817	0	0.8982974622	0.4393878348	0	-0.4393878348	0.8982974622	0	0	0	1
3.2	3.436938523	-0.4341240187	0	0.883375932	0.4686650859	0	-0.4686650859	0.883375932	0	0	0	1
3.21	3.452513789	-0.4375252946	0	0.8663015271	0.4995214351	0	-0.4995214351	0.8663015271	0	0	0	1
3.22	3.468037065	-0.4418151537	0	0.8481923111	0.5296884022	0	-0.5296884022	0.8481923111	0	0	0	1
3.23	3.483818137	-0.4471116909	0	0.8292445042	0.5588859922	0	-0.5588859922	0.8292445042	0	0	0	1
3.24	3.500033452	-0.4534579184	0	0.8087437202	0.5881611982	0	-0.5881611982	0.8087437202	0	0	0	1
3.25	3.516529675	-0.4608089146	0	0.7863691415	0.6177568885	0	-0.6177568885	0.7863691415	0	0	0	1
3.26	3.533123425	-0.4691218054	0	0.7619114832	0.6476811652	0	-0.6476811652	0.7619114832	0	0	0	1
3.27	3.54971474	-0.4783842474	0	0.7351377542	0.6779177548	0	-0.6779177548	0.7351377542	0	0	0	1
3.28	3.56625704	-0.4886007367	0	0.705869456	0.708341945	0	-0.708341945	0.705869456	0	0	0	1
3.29	3.582710605	-0.4997747211	0	0.6740326585	0.7387015468	0	-0.7387015468	0.6740326585	0	0	0	1
3.3	3.598792359	-0.5114592796	0	0.6409674773	0.767568038	0	-0.767568038	0.6409674773	0	0	0	1
3.31	3.61374308	-0.5224349137	0	0.6099434001	0.7924449815	0	-0.7924449815	0.6099434001	0	0	0	1
3.32	3.628752711	-0.5327183114	0	0.579940697	0.8146586942	0	-0.8146586942	0.579940697	0	0	0	1
3.33	3.644825291	-0.5422724962	0	0.5496396814	0.8354018318	0	-0.8354018318	0.5496396814	0	0	0	1
3.34	3.661977648	-0.5508076694	0	0.5202801707	0.8539956346	0	-0.8539956346	0.5202801707	0	0	0	1
3.35	3.679999093	-0.5575184417	0	0.49495552	0.8689183122	0	-0.8689183122	0.49495552	0	0	0	1
3.36	3.698377074	-0.5614812172	0	0.477925926	0.8784001419	0	-0.8784001419	0.477925926	0	0	0	1
3.37	3.716552197	-0.5626910371	0	0.4708417444	0.8822176895	0	-0.8822176895	0.4708417444	0	0	0	1
3.38	3.734469706	-0.5614889661	0	0.471720216	0.8817482848	0	-0.8817482848	0.471720216	0	0	0	1
3.39	3.75235803	-0.5584024589	0	0.4767489973	0.8790394721	0	-0.8790394721	0.4767489973	0	0	0	1
3.4	3.770323146	-0.5540103216	0	0.4828022426	0.8757294072	0	-0.8757294072	0.4828022426	0	0	0	1
3.41	3.788216672	-0.5488630691	0	0.4885411147	0.8725408754	0	-0.8725408754	0.4885411147	0	0	0	1
3.42	3.805763863	-0.5434347978	0	0.4941136689	0.8693973098	0	-0.8693973098	0.4941136689	0	0	0	1
3.43	3.822711752	-0.5380520047	0	0.5004712122	0.8657531783	0	-0.8657531783	0.5004712122	0	0	0	1
3.44	3.83890592	-0.5327742486	0	0.5087582206	0.8609094453	0	-0.8609094453	0.5087582206	0	0	0	1
3.45	3.8544627	-0.5275746112	0	0.5192198414	0.8546407177	0	-0.8546407177	0.5192198414	0	0	0	1
3.46	3.869618728	-0.5224119852	0	0.5316460415	0.8469666384	0	-0.8469666384	0.5316460415	0	0	0	1
3.47	3.884479893	-0.5172594102	0	0.5460449044	0.8377559086	0	-0.8377559086	0.5460449044	0	0	0	1
3.48	3.898990868	-0.5121232009	0	0.5625657552	0.8267525452	0	-0.8267525452	0.5625657552	0	0	0	1
3.49	3.913047402	-0.5070392849	0	0.5811118144	0.8138237273	0	-0.8138237273	0.5811118144	0	0	0	1
3.5	3.926584435	-0.5020575172	0	0.601181356	0.7991126186	0	-0.7991126186	0.601181356	0	0	0	1
3.51	3.939586435	-0.4972268118	0	0.6220336415	0.7829905165	0	-0.7829905165	0.6220336415	0	0	0	1
3.52	3.952051771	-0.4925862253	0	0.6429972765	0.7658684628	0	-0.7658684628	0.6429972765	0	0	0	1
3.53	3.963958718	-0.4881602967	0	0.6637081355	0.7479916516	0	-0.7479916516	0.6637081355	0	0	0	1
3.54	3.975257617	-0.4839562472	0	0.6841748256	0.7293180432	0	-0.7293180432	0.6841748256	0	0	0	1
3.55	3.98588816	-0.479963669	0	0.7046759067	0.7095293275	0	-0.7095293275	0.7046759067	0	0	0	1
3.56	3.995803584	-0.4761582077	0	0.7255834161	0.6881342211	0	-0.6881342211	0.7255834161	0	0	0	1
3.57	4.004984385	-0.4725098159	0	0.7472114462	0.6645863786	0	-0.6645863786	0.7472114462	0	0	0	1
3.58	4.013435616	-0.4689924396	0	0.7697474352	0.6383485615	0	-0.6383485615	0.7697474352	0	0	0	1
3.59	4.021176447	-0.465591881	0	0.7932413193	0.6089073898	0	-0.6089073898	0.7932413193	0	0	0	1
3.6	4.028233885	-0.4623085438	0	0.8176160928	0.5757637752	0	-0.5757637752	0.8176160928	0	0	0	1
3.61	4.034646254	-0.4591552615	0	0.8426625791	0.5384419911	0	-0.5384419911	0.8426625791	0	0	0	1
3.62	4.040472673	-0.4561523241	0	0.8680235609	0.4965230082	0	-0.4965230082	0.8680235609	0	0	0	1
3.63	4.04580386	-0.4533232821	0	0.8931800763	0.4496991787	0	-0.4496991787	0.8931800763	0	0	0	1
3.64	4.050769418	-0.4506912895	0	0.9174455668	0.3978613224	0	-0.3978613224	0.9174455668	0	0	0	1
3.65	4.05554389	-0.4482771001	0	0.9399845829	0.3412169163	0	-0.3412169163	0.9399845829	0	0	0	1
3.66	4.060347386	-0.4460981547	0	0.9598780684	0.2804177132	0	-0.2804177132	0.9598780684	0	0	0	1
3.67	4.065429026	-0.4441692234	0	0.9762575111	0.2166131852	0	-0.2166131852	0.9762575111	0	0	0	1
3.68	4.071028109	-0.4425042435	0	0.9884789434	0.1513584438	0	-0.1513584438	0.9884789434	0	0	0	1
3.69	4.077331238	-0.4411164123	0	0.9962582102	0.08642672393	0	-0.08642672393	0.9962582102	0	0	0	1
3.7	4.084457392	-0.4400138698	0	0.9997197711	0.02367233085	0	-0.02367233085	0.9997197711	0	0	0	1
3.71	4.092472552	-0.4391939373	0	0.9993867795	-0.03501521137	0	0.03501521137	0.9993867795	0	0	0	1
3.72	4.101399699	-0.4386431227	0	0.9961364915	-0.08781850726	0	0.08781850726	0.9961364915	0	0	0	1
3.73	4.111219793	-0.4383431525	0	0.9910983104	-0.1331320361	0	0.1331320361	0.9910983104	0	0	0	1
3.74	4.121879857	-0.4382793366	0	0.9855015623	-0.1696663513	0	0.1696663513	0.9855015623	0	0	0	1
3.75	4.133305905	-0.4384499928	0	0.9805037215	-0.1965005145	0	0.1965005145	0.9805037215	0	0	0	1
3.76	4.145408364	-0.4388766665	0	0.9770218878	-0.213138994	0	0.213138994	0.9770218878	0	0	0	1
3.77	4.158082443	-0.4396120209	0	0.9756009661	-0.219551258	0	0.219551258	0.9756009661	0	0	0	1
3.78	4.17120924	-0.4407422037	0	0.9763536537	-0.2161794232	0	0.2161794232	0.9763536537	0	0	0	1
3.79	4.184656053	-0.4423827511	0	0.9789886115	-0.2039149296	0	0.2039149296	0.9789886115	0	0	0	1
3.8	4.198276191	-0.4446678331	0	0.9829187262	-0.1840401522	0	0.1840401522	0.9829187262	0	0	0	1
3.81	4.211911463	-0.4477287766	0	0.9874205443	-0.1581159976	0	0.1581159976	0.9874205443	0	0	0	1
3.82	4.22537677	-0.4516357237	0	0.9917861425	-0.1279071835	0	0.1279071835	0.9917861425	0	0	0	1
3.83	4.238442982	-0.456427729	0	0.9954406123	-0.09538337052	0	0.09538337052	0.9954406123	0	0	0	1
3.84	4.251058893	-0.4621420605	0	0.9980947713	-0.06169949348	0	0.06169949348	0.9980947713	0	0	0	1
3.85	4.26333457	-0.468804365	0	0.9996277695	-0.02728227488	0	0.02728227488	0.9996277695	0	0	0	1
3.86	4.27535227	-0.4764423401	0	0.9999736193	0.00726365131	0	-0.00726365131	0.9999736193	0	0	0	1
3.87	4.287115571	-0.4850848287	0	0.9991620129	0.04093008743	0	-0.04093008743	0.9991620129	0	0	0	1
3.88	4.298592805	-0.4947510134	0	0.997361952	0.07258882002	0	-0.07258882002	0.997361952	0	0	0	1
3.89	4.30975768	-0.5054162684	0	0.9949669882	0.1002032557	0	-0.1002032557	0.9949669882	0	0	0	1
3.9	4.322245377	-0.515942448	0	0.9920851127	0.1255672297	0	-0.1255672297	0.9920851127	0	0	0	1
3.91	4.335099021	-0.5257718703	0	0.9885819464	0.1506842234	0	-0.1506842234	0.9885819464	0	0	0	1
3.92	4.346521182	-0.5350781158	0	0.9850938357	0.1720178329	0	-0.1720178329	0.9850938357	0	0	0	1
3.93	4.35625493	-0.5436949731	0	0.9819206408	0.1892930406	0	-0.1892930406	0.9819206408	0	0	0	1
3.94	4.364458508	-0.551283278	0	0.9787517648	0.2050487332	0	-0.2050487332	0.9787517648	0	0	0	1
3.95	4.369109885	-0.5570307935	0	0.9764105703	0.215922204	0	-0.215922204	0.9764105703	0	0	0	1
3.96	4.371447885	-0.5602029829	0	0.9755899761	0.2196000879	0	-0.2196000879	0.9755899761	0	0	0	1
3.97	4.37302833	-0.560799729	0	0.9754616204	0.220169542	0	-0.220169542	0.9754616204	0	0	0	1
3.98	4.374253016	-0.5592499718	0	0.9757041994	0.2190920247	0	-0.2190920247	0.9757041994	0	0	0	1
3.99	4.375202623	-0.556130338	0	0.976176081	0.2169798581	0	-0.2169798581	0.976176081	0	0	0	1
4	4.376149644	-0.5520008799	0	0.976672429	0.2147346418	0	-0.2147346418	0.976672429	0	0	0	1
4.01	4.377471447	-0.5473503892	0	0.9769676482	0.2133874749	0	-0.2133874749	0.9769676482	0	0	0	1
4.02	4.379428524	-0.5425731845	0	0.9769292641	0.2135631356	0	-0.2135631356	0.9769292641	0	0	0	1
4.03	4.382298471	-0.5378654307	0	0.9764329887	0.2158208022	0	-0.2158208022	0.9764329887	0	0	0	1
4.04	4.386009698	-0.533229626	0	0.9755436357	0.219805857	0	-0.219805857	0.9755436357	0	0	0	1
4.05	4.389972443	-0.528650219	0	0.9745797062	0.2240410594	0	-0.2240410594	0.9745797062	0	0	0	1
4.06	4.39378048	-0.5241106262	0	0.9737505431	0.2276178371	0	-0.2276178371	0.9737505431	0	0	0	1
4.07	4.397372569	-0.51960393	0	0.9730819931	0.2304591824	0	-0.2304591824	0.9730819931	0	0	0	1
4.08	4.400853332	-0.515135608	0	0.9725161475	0.2328354418	0	-0.2328354418	0.9725161475	0	0	0	1
4.09	4.404350081	-0.5107210795	0	0.9719855405	0.2350406542	0	-0.2350406542	0.9719855405	0	0	0	1
4.1	4.407978714	-0.5063815776	0	0.9714282484	0.2373334326	0	-0.2373334326	0.9714282484	0	0	0	1
4.11	4.411843079	-0.5021370853	0	0.9707893177	0.2399335336	0	-0.2399335336	0.9707893177	0	0	0	1
4.12	4.416026555	-0.4979975599	0	0.970028528	0.2429910592	0	-0.2429910592	0.970028528	0	0	0	1
4.13	4.420581148	-0.4939571336	0	0.9691275152	0.2465600522	0	-0.2465600522	0.9691275152	0	0	0	1
4.14	4.425523092	-0.4899947595	0	0.9680902835	0.2506016819	0	-0.2506016819	0.9680902835	0	0	0	1
4.15	4.430833223	-0.4860799644	0	0.9669397715	0.2550048594	0	-0.2550048594	0.9669397715	0	0	0	1
4.16	4.436460477	-0.4821799902	0	0.9657133216	0.259610825	0	-0.259610825	0.9657133216	0	0	0	1
4.17	4.442331282	-0.4782657982	0	0.9644562991	0.2642424023	0	-0.2642424023	0.9644562991	0	0	0	1
