0	-0.07481932517	-0.9450067784	0	0.7140470668	-0.7000976978	0	0.7000976978	0.7140470668	0	0	0	1
0.01	-0.05718801651	-0.9419234896	0	0.7042534717	-0.7099486232	0	0.7099486232	0.7042534717	0	0	0	1
0.02	-0.04619884552	-0.9387737434	0	0.7063477014	-0.707865047	0	0.707865047	0.7063477014	0	0	0	1
0.03	-0.03868840974	-0.9350003014	0	0.7119392671	-0.7022410412	0	0.7022410412	0.7119392671	0	0	0	1
0.04	-0.03371037436	-0.9303551443	0	0.7196917501	-0.694293731	0	0.694293731	0.7196917501	0	0	0	1
0.05	-0.03027405259	-0.9248018686	0	0.7292713689	-0.6842245761	0	0.6842245761	0.7292713689	0	0	0	1
0.06	-0.02677670559	-0.9186130014	0	0.7388791584	-0.6738379548	0	0.6738379548	0.7388791584	0	0	0	1
0.07	-0.02172350451	-0.912370068	0	0.7465858072	-0.6652891345	0	0.6652891345	0.7465858072	0	0	0	1
0.08	-0.01425963546	-0.9067349681	0	0.7514924665	-0.6597416713	0	0.6597416713	0.7514924665	0	0	0	1
0.09	-0.004170633055	-0.9022278965	0	0.7537825688	-0.6571239145	0	0.6571239145	0.7537825688	0	0	0	1
0.1	0.008404475362	-0.8991687961	0	0.7542287709	-0.6566117278	0	0.6566117278	0.7542287709	0	0	0	1
0.11	0.02329807052	-0.8977540371	0	0.7536346109	-0.6572935975	0	0.6572935975	0.7536346109	0	0	0	1
0.12	0.04055213746	-0.8981749305	0	0.7523942339	-0.6587130763	0	0.6587130763	0.7523942339	0	0	0	1
0.13	0.06052587548	-0.9007054322	0	0.7502362181	-0.6611698852	0	0.6611698852	0.7502362181	0	0	0	1
0.14	0.08386719997	-0.9057182255	0	0.7461867285	-0.6657367093	0	0.6657367093	0.7461867285	0	0	0	1
0.15	0.1113799469	-0.9136175433	0	0.738725003	-0.674006951	0	0.674006951	0.738725003	0	0	0	1
0.16	0.1439260433	-0.9246651513	0	0.725907398	-0.6877924466	0	0.6877924466	0.725907398	0	0	0	1
0.17	0.1830398343	-0.9379892127	0	0.7033866899	-0.7108074032	0	0.7108074032	0.7033866899	0	0	0	1
0.18	0.228515305	-0.9517536535	0	0.670781588	-0.7416549475	0	0.7416549475	0.670781588	0	0	0	1
0.19	0.277489671	-0.9594935058	0	0.6290932389	-0.7773298507	0	0.7773298507	0.6290932389	0	0	0	1
0.2	0.3251634826	-0.9621815009	0	0.5904391883	-0.8070821302	0	0.8070821302	0.5904391883	0	0	0	1
0.21	0.3760935833	-0.9633515855	0	0.5385873701	-0.8425696676	0	0.8425696676	0.5385873701	0	0	0	1
0.22	0.4300783343	-0.9626573056	0	0.4723166576	-0.8814289392	0	0.8814289392	0.4723166576	0	0	0	1
0.23	0.4843541812	-0.9577728112	0	0.3972926113	-0.9176919859	0	0.9176919859	0.3972926113	0	0	0	1
0.24	0.5350480366	-0.9481449714	0	0.3241754576	-0.9459969729	0	0.9459969729	0.3241754576	0	0	0	1
0.25	0.5809082489	-0.9355097091	0	0.2561856735	-0.9666275915	0	0.9666275915	0.2561856735	0	0	0	1
0.26	0.6226343526	-0.9215633094	0	0.1903122502	-0.9817236105	0	0.9817236105	0.1903122502	0	0	0	1
0.27	0.6609761783	-0.9070558222	0	0.1244511448	-0.9922257367	0	0.9922257367	0.1244511448	0	0	0	1
0.28	0.6962601662	-0.8921119683	0	0.05937768089	-0.9982355889	0	0.9982355889	0.05937768089	0	0	0	1
0.29	0.7288628252	-0.8767428201	0	-0.003608052391	-0.999993491	0	0.999993491	-0.003608052391	0	0	0	1
0.3	0.759515526	-0.8610615621	0	-0.06451486801	-0.9979167459	0	0.9979167459	-0.06451486801	0	0	0	1
0.31	0.7891177048	-0.8452144002	0	-0.124347083	-0.9922387832	0	0.9922387832	-0.124347083	0	0	0	1
0.32	0.8183830358	-0.8292974316	0	-0.1838162212	-0.9829606283	0	0.9829606283	-0.1838162212	0	0	0	1
0.33	0.8476849809	-0.8133687725	0	-0.2427398467	-0.9700914219	0	0.9700914219	-0.2427398467	0	0	0	1
0.34	0.8771248606	-0.7974881377	0	-0.3003701722	-0.9538227087	0	0.9538227087	-0.3003701722	0	0	0	1
0.35	0.9066463006	-0.7817197391	0	-0.3559245551	-0.9345146928	0	0.9345146928	-0.3559245551	0	0	0	1
0.36	0.9360887247	-0.7661155852	0	-0.4088038908	-0.9126222542	0	0.9126222542	-0.4088038908	0	0	0	1
0.37	0.965184526	-0.7506749672	0	-0.458593663	-0.8886460782	0	0.8886460782	-0.458593663	0	0	0	1
0.38	0.9935588961	-0.7354676448	0	-0.5048365806	-0.8632149367	0	0.8632149367	-0.5048365806	0	0	0	1
0.39	1.020826225	-0.7207060394	0	-0.5470813053	-0.8370794737	0	0.8370794737	-0.5470813053	0	0	0	1
0.4	1.046657388	-0.7066782212	0	-0.5851008468	-0.810960541	0	0.810960541	-0.5851008468	0	0	0	1
0.41	1.070763947	-0.6936892353	0	-0.6188271975	-0.7855271476	0	0.7855271476	-0.6188271975	0	0	0	1
0.42	1.09288996	-0.6820632824	0	-0.64825491	-0.7614233853	0	0.7614233853	-0.64825491	0	0	0	1
0.43	1.112801133	-0.6721706431	0	-0.6733622946	-0.7393126674	0	0.7393126674	-0.6733622946	0	0	0	1
0.44	1.130282158	-0.6644818355	0	-0.693882969	-0.72008779	0	0.72008779	-0.693882969	0	0	0	1
0.45	1.145170922	-0.6595235103	0	-0.7093454538	-0.7048609985	0	0.7048609985	-0.7093454538	0	0	0	1
0.46	1.157384519	-0.657762825	0	-0.719250108	-0.6947512376	0	0.6947512376	-0.719250108	0	0	0	1
0.47	1.166923253	-0.6595046325	0	-0.7231830012	-0.6906564608	0	0.6906564608	-0.7231830012	0	0	0	1
0.48	1.173866725	-0.6648374269	0	-0.7208483962	-0.6930927713	0	0.6930927713	-0.7208483962	0	0	0	1
0.49	1.178373434	-0.6736256798	0	-0.7120779064	-0.7021004595	0	0.7021004595	-0.7120779064	0	0	0	1
0.5	1.180685645	-0.685541305	0	-0.6968480389	-0.7172188025	0	0.7172188025	-0.6968480389	0	0	0	1
0.51	1.181133379	-0.7001251869	0	-0.6753110451	-0.7375330449	0	0.7375330449	-0.6753110451	0	0	0	1
0.52	1.180129347	-0.7168658458	0	-0.6478234272	-0.7617905271	0	0.7617905271	-0.6478234272	0	0	0	1
0.53	1.178149119	-0.7352735441	0	-0.6149548728	-0.7885623022	0	0.7885623022	-0.6149548728	0	0	0	1
0.54	1.175697789	-0.7549119143	0	-0.5774932287	-0.8163954745	0	0.8163954745	-0.5774932287	0	0	0	1
0.55	1.173254706	-0.7754429782	0	-0.5364259939	-0.8439473639	0	0.8439473639	-0.5364259939	0	0	0	1
0.56	1.171227771	-0.7967106303	0	-0.4926178907	-0.8702457203	0	0.8702457203	-0.4926178907	0	0	0	1
0.57	1.169956117	-0.8186552539	0	-0.4468670996	-0.8946003551	0	0.8946003551	-0.4468670996	0	0	0	1
0.58	1.169741867	-0.8411947536	0	-0.4002850173	-0.9163906945	0	0.9163906945	-0.4002850173	0	0	0	1
0.59	1.170824721	-0.8642237671	0	-0.3542627453	-0.9351459283	0	0.9351459283	-0.3542627453	0	0	0	1
0.6	1.173352562	-0.8875662828	0	-0.3103108498	-0.9506351437	0	0.9506351437	-0.3103108498	0	0	0	1
0.61	1.176554756	-0.9110287876	0	-0.2612741377	-0.9652646399	0	0.9652646399	-0.2612741377	0	0	0	1
0.62	1.179364261	-0.9341097108	0	-0.2082069179	-0.9780848017	0	0.9780848017	-0.2082069179	0	0	0	1
0.63	1.181247332	-0.9548993558	0	-0.1620017154	-0.9867904764	0	0.9867904764	-0.1620017154	0	0	0	1
0.64	1.181370539	-0.9644910856	0	-0.1590736438	-0.9872667197	0	0.9872667197	-0.1590736438	0	0	0	1
0.65	1.181557855	-0.9725290345	0	-0.1520544766	-0.9883721142	0	0.9883721142	-0.1520544766	0	0	0	1
0.66	1.181882287	-0.9788823154	0	-0.1377898116	-0.9904614923	0	0.9904614923	-0.1377898116	0	0	0	1
0.67	1.182266194	-0.9833192566	0	-0.1174570026	-0.993077969	0	0.993077969	-0.1174570026	0	0	0	1
0.68	1.182600393	-0.9860080627	0	-0.09256619333	-0.995706533	0	0.995706533	-0.09256619333	0	0	0	1
0.69	1.182804595	-0.9874007723	0	-0.06422111288	-0.9979356936	0	0.9979356936	-0.06422111288	0	0	0	1
0.7	1.182855701	-0.9880452379	0	-0.03329926513	-0.9994454257	0	0.9994454257	-0.03329926513	0	0	0	1
0.71	1.182810969	-0.9884209192	0	-0.0005851941061	-0.9999998288	0	0.9999998288	-0.0005851941061	0	0	0	1
0.72	1.182763238	-0.9888739049	0	0.03452020379	-0.9994040002	0	0.9994040002	0.03452020379	0	0	0	1
0.73	1.182732248	-0.9894464579	0	0.07222149707	-0.997388618	0	0.997388618	0.07222149707	0	0	0	1
0.74	1.182716988	-0.9900208385	0	0.1118349938	-0.9937267905	0	0.9937267905	0.1118349938	0	0	0	1
0.75	1.182712285	-0.9904735268	0	0.1526118503	-0.9882862051	0	0.9882862051	0.1526118503	0	0	0	1
0.76	1.182713588	-0.9907211578	0	0.1939759996	-0.981006275	0	0.981006275	0.1939759996	0	0	0	1
0.77	1.182717853	-0.9907189811	0	0.23550086	-0.9718741405	0	0.9718741405	0.23550086	0	0	0	1
0.78	1.182723491	-0.9904513689	0	0.2768391207	-0.9609162821	0	0.9609162821	0.2768391207	0	0	0	1
0.79	1.182730216	-0.9899221506	0	0.3176699368	-0.9482013559	0	0.9482013559	0.3176699368	0	0	0	1
0.8	1.18273897	-0.9891468611	0	0.3576698972	-0.9338480844	0	0.9338480844	0.3576698972	0	0	0	1
0.81	1.182751878	-0.9881483045	0	0.3964992791	-0.9180350329	0	0.9180350329	0.3964992791	0	0	0	1
0.82	1.18277233	-0.986957267	0	0.4337913115	-0.9010133728	0	0.9010133728	0.4337913115	0	0	0	1
0.83	1.182804882	-0.9856150704	0	0.469158339	-0.8831140657	0	0.8831140657	0.469158339	0	0	0	1
0.84	1.182854779	-0.9841765366	0	0.5022238008	-0.8647376792	0	0.8647376792	0.5022238008	0	0	0	1
0.85	1.182926815	-0.9827101326	0	0.5326881432	-0.8463116105	0	0.8463116105	0.5326881432	0	0	0	1
0.86	1.183023194	-0.9812942887	0	0.5603986302	-0.8282230227	0	0.8282230227	0.5603986302	0	0	0	1
0.87	1.183141058	-0.9800101737	0	0.5853962578	-0.8107473228	0	0.8107473228	0.5853962578	0	0	0	1
0.88	1.18327168	-0.9789311012	0	0.607917274	-0.7940003703	0	0.7940003703	0.607917274	0	0	0	1
0.89	1.183403704	-0.9781111144	0	0.6283453044	-0.7779345592	0	0.7779345592	0.6283453044	0	0	0	1
0.9	1.183528355	-0.9775761912	0	0.6471331454	-0.7623770013	0	0.7623770013	0.6471331454	0	0	0	1
0.91	1.183642209	-0.9773197752	0	0.6647191483	-0.7470933368	0	0.7470933368	0.6647191483	0	0	0	1
0.92	1.18374635	-0.9773024108	0	0.6814568857	-0.7318582602	0	0.7318582602	0.6814568857	0	0	0	1
0.93	1.183844329	-0.9774552177	0	0.697563129	-0.7165233291	0	0.7165233291	0.697563129	0	0	0	1
0.94	1.183940633	-0.9776872014	0	0.7130927594	-0.7010696945	0	0.7010696945	0.7130927594	0	0	0	1
0.95	1.184040019	-0.9778955632	0	0.7279437249	-0.6856368816	0	0.6856368816	0.7279437249	0	0	0	1
0.96	1.184147572	-0.9779783475	0	0.7418876541	-0.6705242044	0	0.6705242044	0.7418876541	0	0	0	1
0.97	1.184269267	-0.9778467559	0	0.7546186094	-0.6561636643	0	0.6561636643	0.7546186094	0	0	0	1
0.98	1.184413062	-0.9774352241	0	0.7658078313	-0.6430694873	0	0.6430694873	0.7658078313	0	0	0	1
0.99	1.184591622	-0.9767075531	0	0.7751575156	-0.631768016	0	0.631768016	0.7751575156	0	0	0	1
1	1.184830324	-0.9756584805	0	0.7824371138	-0.6227296066	0	0.6227296066	0.7824371138	0	0	0	1
1.01	1.185216498	-0.9743117342	0	0.7874361577	-0.616396218	0	0.616396218	0.7874361577	0	0	0	1
1.02	1.186361914	-0.9727556704	0	0.7892643649	-0.6140535501	0	0.6140535501	0.7892643649	0	0	0	1
1.03	1.188624563	-0.9711624961	0	0.7880857258	-0.6155655032	0	0.6155655032	0.7880857258	0	0	0	1
1.04	1.191511241	-0.9695431669	0	0.7853583342	-0.6190414258	0	0.6190414258	0.7853583342	0	0	0	1
1.05	1.193937706	-0.9676824561	0	0.7830087151	-0.6220107331	0	0.6220107331	0.7830087151	0	0	0	1
1.06	1.195091971	-0.965376978	0	0.7822183673	-0.6230043547	0	0.6230043547	0.7822183673	0	0	0	1
1.07	1.194605013	-0.9625555785	0	0.783604776	-0.6212596518	0	0.6212596518	0.783604776	0	0	0	1
1.08	1.192446534	-0.9592705858	0	0.7875233613	-0.6162848006	0	0.6162848006	0.7875233613	0	0	0	1
1.09	1.188953862	-0.9557333405	0	0.7939084215	-0.6080373494	0	0.6080373494	0.7939084215	0	0	0	1
1.1	1.184857115	-0.9523067416	0	0.8021742177	-0.5970900472	0	0.5970900472	0.8021742177	0	0	0	1
1.11	1.181913221	-0.9489478112	0	0.8099103391	-0.5865536997	0	0.5865536997	0.8099103391	0	0	0	1
1.12	1.180900817	-0.9455962825	0	0.816604886	-0.5771970722	0	0.5771970722	0.816604886	0	0	0	1
1.13	1.182500744	-0.9421361161	0	0.8229080211	-0.5681746112	0	0.5681746112	0.8229080211	0	0	0	1
1.14	1.188806215	-0.9385341555	0	0.8261971162	-0.5633811545	0	0.5633811545	0.8261971162	0	0	0	1
1.15	1.201021188	-0.9354289791	0	0.8238963992	-0.5667404374	0	0.5667404374	0.8238963992	0	0	0	1
1.16	1.21923158	-0.9334423514	0	0.8144848898	-0.5801847673	0	0.5801847673	0.8144848898	0	0	0	1
1.17	1.242629325	-0.9323917302	0	0.7980007888	-0.6026564038	0	0.6026564038	0.7980007888	0	0	0	1
1.18	1.269869462	-0.9315366831	0	0.7758894097	-0.6308689435	0	0.6308689435	0.7758894097	0	0	0	1
1.19	1.299625532	-0.9302604894	0	0.7498932154	-0.6615588905	0	0.6615588905	0.7498932154	0	0	0	1
1.2	1.33103824	-0.9284647513	0	0.7209414419	-0.6929959866	0	0.6929959866	0.7209414419	0	0	0	1
1.21	1.363906516	-0.9264641775	0	0.6886458814	-0.725097821	0	0.725097821	0.6886458814	0	0	0	1
1.22	1.398659972	-0.9245148357	0	0.6512769485	-0.7588401257	0	0.7588401257	0.6512769485	0	0	0	1
1.23	1.435810894	-0.9225184868	0	0.6070830195	-0.794638413	0	0.794638413	0.6070830195	0	0	0	1
1.24	1.475639928	-0.9201022605	0	0.5550030947	-0.8318482823	0	0.8318482823	0.5550030947	0	0	0	1
1.25	1.518154517	-0.9168081528	0	0.4945315365	-0.8691596858	0	0.8691596858	0.4945315365	0	0	0	1
1.26	1.563078034	-0.9122241464	0	0.425703185	-0.9048628616	0	0.9048628616	0.425703185	0	0	0	1
1.27	1.609856937	-0.9060312936	0	0.3492983526	-0.9370115585	0	0.9370115585	0.3492983526	0	0	0	1
1.28	1.657729333	-0.8980375384	0	0.266970609	-0.9637046715	0	0.9637046715	0.266970609	0	0	0	1
1.29	1.705873564	-0.8882198122	0	0.1810240705	-0.9834786657	0	0.9834786657	0.1810240705	0	0	0	1
1.3	1.753576515	-0.8767323113	0	0.0939223048	-0.9955795301	0	0.9955795301	0.0939223048	0	0	0	1
1.31	1.80035364	-0.8638468156	0	0.007787256672	-0.9999696789	0	0.9999696789	0.007787256672	0	0	0	1
1.32	1.845967477	-0.8498531927	0	-0.07585118973	-0.9971191489	0	0.9971191489	-0.07585118973	0	0	0	1
1.33	1.890360867	-0.8349765223	0	-0.156041861	-0.987750443	0	0.987750443	-0.156041861	0	0	0	1
1.34	1.933556116	-0.819342077	0	-0.2322752992	-0.9726500837	0	0.9726500837	-0.2322752992	0	0	0	1
1.35	1.975556194	-0.8029881434	0	-0.3043206678	-0.9525696463	0	0.9525696463	-0.3043206678	0	0	0	1
1.36	2.016266193	-0.7859128402	0	-0.3720677329	-0.9282055818	0	0.9282055818	-0.3720677329	0	0	0	1
1.37	2.05544587	-0.7681423045	0	-0.4353895554	-0.9002421536	0	0.9002421536	-0.4353895554	0	0	0	1
1.38	2.092703693	-0.7498056691	0	-0.4940539366	-0.8694312553	0	0.8694312553	-0.4940539366	0	0	0	1
1.39	2.127532766	-0.7311980252	0	-0.5477000402	-0.8366747671	0	0.8366747671	-0.5477000402	0	0	0	1
1.4	2.159378079	-0.7128126794	0	-0.5958709072	-0.8030802338	0	0.8030802338	-0.5958709072	0	0	0	1
1.41	2.187718091	-0.695329293	0	-0.6380812643	-0.7699690254	0	0.7699690254	-0.6380812643	0	0	0	1
1.42	2.212131421	-0.6795612332	0	-0.6738818845	-0.7388390932	0	0.7388390932	-0.6738818845	0	0	0	1
1.43	2.232341364	-0.666368004	0	-0.7029120423	-0.7112767821	0	0.7112767821	-0.7029120423	0	0	0	1
1.44	2.248230459	-0.6565480744	0	-0.7249290179	-0.6888235761	0	0.6888235761	-0.7249290179	0	0	0	1
1.45	2.259824098	-0.6507368505	0	-0.7398020605	-0.6728245769	0	0.6728245769	-0.7398020605	0	0	0	1
1.46	2.267259125	-0.649325685	0	-0.7474879731	-0.6642753421	0	0.6642753421	-0.7474879731	0	0	0	1
1.47	2.270751087	-0.6524186234	0	-0.7479983388	-0.663700599	0	0.663700599	-0.7479983388	0	0	0	1
1.48	2.270574315	-0.6598332382	0	-0.7413774045	-0.6710883281	0	0.6710883281	-0.7413774045	0	0	0	1
1.49	2.267058189	-0.6711445627	0	-0.7277011166	-0.6858943686	0	0.6858943686	-0.7277011166	0	0	0	1
1.5	2.260593254	-0.685762534	0	-0.7070957689	-0.7071177933	0	0.7071177933	-0.7070957689	0	0	0	1
1.51	2.253754445	-0.7007683889	0	-0.6843866605	-0.7291192625	0	0.7291192625	-0.6843866605	0	0	0	1
1.52	2.245549417	-0.7152723121	0	-0.6632766904	-0.7483742593	0	0.7483742593	-0.6632766904	0	0	0	1
1.53	2.236341309	-0.7311295873	0	-0.6371703224	-0.7707230243	0	0.7707230243	-0.6371703224	0	0	0	1
1.54	2.226178436	-0.7478936677	0	-0.607511127	-0.7943111674	0	0.7943111674	-0.607511127	0	0	0	1
1.55	2.214895962	-0.7659755662	0	-0.5729426321	-0.8195954736	0	0.8195954736	-0.5729426321	0	0	0	1
1.56	2.202454187	-0.7856424387	0	-0.5321277469	-0.846664078	0	0.846664078	-0.5321277469	0	0	0	1
1.57	2.189145941	-0.8066707453	0	-0.4854080648	-0.8742877162	0	0.8742877162	-0.4854080648	0	0	0	1
1.58	2.175564591	-0.8287412913	0	-0.4339709786	-0.9009268504	0	0.9009268504	-0.4339709786	0	0	0	1
1.59	2.162433993	-0.8516179167	0	-0.3788284161	-0.925466926	0	0.925466926	-0.3788284161	0	0	0	1
1.6	2.150597974	-0.8749528213	0	-0.3220840543	-0.9467110763	0	0.9467110763	-0.3220840543	0	0	0	1
1.61	2.141258839	-0.8979837345	0	-0.2685621318	-0.9632623637	0	0.9632623637	-0.2685621318	0	0	0	1
1.62	2.141855211	-0.9166574331	0	-0.2357214845	-0.9718206531	0	0.9718206531	-0.2357214845	0	0	0	1
1.63	2.144001795	-0.9366947374	0	-0.1896406765	-0.9818535603	0	0.9818535603	-0.1896406765	0	0	0	1
1.64	2.145592509	-0.9555926647	0	-0.1452546978	-0.9893942959	0	0.9893942959	-0.1452546978	0	0	0	1
1.65	2.145708497	-0.9646584748	0	-0.1408322462	-0.9900334734	0	0.9900334734	-0.1408322462	0	0	0	1
1.66	2.145854546	-0.9727302112	0	-0.1331245125	-0.991099321	0	0.991099321	-0.1331245125	0	0	0	1
1.67	2.146088736	-0.9793906021	0	-0.1186465676	-0.9929365498	0	0.9929365498	-0.1186465676	0	0	0	1
1.68	2.146347144	-0.98427132	0	-0.09813092211	-0.9951735136	0	0.9951735136	-0.09813092211	0	0	0	1
1.69	2.146538269	-0.9872899973	0	-0.07338809925	-0.9973034578	0	0.9973034578	-0.07338809925	0	0	0	1
1.7	2.146597244	-0.9886387569	0	-0.04610590577	-0.9989365573	0	0.9989365573	-0.04610590577	0	0	0	1
1.71	2.146495609	-0.9888085336	0	-0.01765233089	-0.9998441855	0	0.9998441855	-0.01765233089	0	0	0	1
1.72	2.146283976	-0.988451994	0	0.01112936717	-0.9999380667	0	0.9999380667	0.01112936717	0	0	0	1
1.73	2.146077382	-0.9881120722	0	0.04082824162	-0.9991661797	0	0.9991661797	0.04082824162	0	0	0	1
1.74	2.14591702	-0.9879835029	0	0.07158732909	-0.9974343358	0	0.9974343358	0.07158732909	0	0	0	1
1.75	2.145807684	-0.9880416856	0	0.1033326351	-0.9946468552	0	0.9946468552	0.1033326351	0	0	0	1
1.76	2.145746331	-0.9881985051	0	0.1361341617	-0.9906904108	0	0.9906904108	0.1361341617	0	0	0	1
1.77	2.145729574	-0.9883502159	0	0.1698800034	-0.9854647556	0	0.9854647556	0.1698800034	0	0	0	1
1.78	2.145752852	-0.9883911982	0	0.2039869884	-0.9789735995	0	0.9789735995	0.2039869884	0	0	0	1
1.79	2.145810046	-0.9882430129	0	0.237540413	-0.9713776568	0	0.9713776568	0.237540413	0	0	0	1
1.8	2.145893786	-0.9878836299	0	0.2696993389	-0.9629445813	0	0.9629445813	0.2696993389	0	0	0	1
1.81	2.145995765	-0.9873540058	0	0.3000376819	-0.9539273502	0	0.9539273502	0.3000376819	0	0	0	1
1.82	2.146107298	-0.9867414681	0	0.3286503579	-0.9444516622	0	0.9444516622	0.3286503579	0	0	0	1
1.83	2.146220507	-0.986151587	0	0.3560389464	-0.9344711171	0	0.9344711171	0.3560389464	0	0	0	1
1.84	2.146329567	-0.985679809	0	0.382885	-0.9237960147	0	0.9237960147	0.382885	0	0	0	1
1.85	2.146431157	-0.9853896665	0	0.4098222506	-0.9121654033	0	0.9121654033	0.4098222506	0	0	0	1
1.86	2.146523902	-0.9853002272	0	0.4372677252	-0.899331383	0	0.899331383	0.4372677252	0	0	0	1
1.87	2.146607336	-0.9853840852	0	0.4653315148	-0.8851364761	0	0.8851364761	0.4653315148	0	0	0	1
1.88	2.146681015	-0.9855755212	0	0.4938028353	-0.8695738956	0	0.8695738956	0.4938028353	0	0	0	1
1.89	2.146744007	-0.9857866284	0	0.5221992507	-0.852823512	0	0.852823512	0.5221992507	0	0	0	1
1.9	2.146794569	-0.9859284073	0	0.5498641149	-0.8352541261	0	0.8352541261	0.5498641149	0	0	0	1
1.91	2.146829858	-0.9859323554	0	0.5760921144	-0.8173847783	0	0.8173847783	0.5760921144	0	0	0	1
1.92	2.146845269	-0.9857656087	0	0.6002593131	-0.7998054495	0	0.7998054495	0.6002593131	0	0	0	1
1.93	2.146834541	-0.9854323141	0	0.6219447019	-0.7830611648	0	0.7830611648	0.6219447019	0	0	0	1
1.94	2.146790272	-0.9849613377	0	0.6410644795	-0.7674870247	0	0.7674870247	0.6410644795	0	0	0	1
1.95	2.146706202	-0.9844026833	0	0.6580218496	-0.752998835	0	0.752998835	0.6580218496	0	0	0	1
1.96	2.146580873	-0.9838333791	0	0.673667485	-0.7390345863	0	0.7390345863	0.673667485	0	0	0	1
1.97	2.146421158	-0.9833352551	0	0.6889327464	-0.7248252693	0	0.7248252693	0.6889327464	0	0	0	1
1.98	2.146242381	-0.9829511977	0	0.7044995756	-0.7097044089	0	0.7097044089	0.7044995756	0	0	0	1
1.99	2.146061453	-0.9826506243	0	0.720681408	-0.6932664049	0	0.6932664049	0.720681408	0	0	0	1
2	2.145889057	-0.9823265815	0	0.7374010811	-0.6754551396	0	0.6754551396	0.7374010811	0	0	0	1
2.01	2.145730755	-0.9818354009	0	0.7542881575	-0.6565435061	0	0.6565435061	0.7542881575	0	0	0	1
2.02	2.14559191	-0.9810418075	0	0.7707931311	-0.6370855116	0	0.6370855116	0.7707931311	0	0	0	1
2.03	2.145481068	-0.9798500581	0	0.7862574164	-0.6178990817	0	0.6178990817	0.7862574164	0	0	0	1
2.04	2.145417587	-0.9782317941	0	0.8000226605	-0.5999697848	0	0.5999697848	0.8000226605	0	0	0	1
2.05	2.145466296	-0.9762432892	0	0.8115174289	-0.5843282149	0	0.5843282149	0.8115174289	0	0	0	1
2.06	2.14614237	-0.9740448302	0	0.8196744218	-0.57282968	0	0.57282968	0.8196744218	0	0	0	1
2.07	2.148612287	-0.9720602631	0	0.8233126945	-0.5675880611	0	0.5675880611	0.8233126945	0	0	0	1
2.08	2.152137832	-0.970456521	0	0.8246982098	-0.5655730392	0	0.5655730392	0.8246982098	0	0	0	1
2.09	2.155952325	-0.9691306382	0	0.825312064	-0.5646768961	0	0.5646768961	0.825312064	0	0	0	1
2.1	2.159705745	-0.9679959525	0	0.8257767861	-0.5639970741	0	0.5639970741	0.8257767861	0	0	0	1
2.11	2.163225674	-0.9669988744	0	0.8265687288	-0.5628357989	0	0.5628357989	0.8265687288	0	0	0	1
2.12	2.166478142	-0.9661226804	0	0.8281048182	-0.560573287	0	0.560573287	0.8281048182	0	0	0	1
2.13	2.169527293	-0.9653969668	0	0.8307833304	-0.5565959557	0	0.5565959557	0.8307833304	0	0	0	1
2.14	2.173521306	-0.9645700953	0	0.8332181488	-0.5529444064	0	0.5529444064	0.8332181488	0	0	0	1
2.15	2.179551938	-0.9631067875	0	0.8343879042	-0.5511776713	0	0.5511776713	0.8343879042	0	0	0	1
2.16	2.187566567	-0.9610983491	0	0.8353391813	-0.5497348926	0	0.5497348926	0.8353391813	0	0	0	1
2.17	2.198130056	-0.9589585846	0	0.8350636346	-0.5501533661	0	0.5501533661	0.8350636346	0	0	0	1
2.18	2.211659516	-0.9568608234	0	0.8327518119	-0.5536464754	0	0.5536464754	0.8327518119	0	0	0	1
2.19	2.228681211	-0.9546457849	0	0.8277547793	-0.5610900332	0	0.5610900332	0.8277547793	0	0	0	1
2.2	2.249217869	-0.9526875055	0	0.8190921312	-0.5736619917	0	0.5736619917	0.8190921312	0	0	0	1
2.21	2.272605526	-0.9509236258	0	0.8065493383	-0.5911667826	0	0.5911667826	0.8065493383	0	0	0	1
2.22	2.297583873	-0.9487063369	0	0.7916223274	-0.6110107124	0	0.6110107124	0.7916223274	0	0	0	1
2.23	2.322855558	-0.9454705835	0	0.7763648622	-0.6302837463	0	0.6302837463	0.7763648622	0	0	0	1
2.24	2.347568373	-0.941177495	0	0.7620495497	-0.6475187131	0	0.6475187131	0.7620495497	0	0	0	1
2.25	2.371452036	-0.9362792723	0	0.7487393773	-0.6628644997	0	0.6628644997	0.7487393773	0	0	0	1
2.26	2.394681537	-0.9314375789	0	0.7356437847	-0.6773686013	0	0.6773686013	0.7356437847	0	0	0	1
2.27	2.417712806	-0.9271787706	0	0.7214998715	-0.692414569	0	0.692414569	0.7214998715	0	0	0	1
2.28	2.441020311	-0.9235915302	0	0.7052103958	-0.7089980943	0	0.7089980943	0.7052103958	0	0	0	1
2.29	2.464914729	-0.9204811918	0	0.6863577416	-0.7272640858	0	0.7272640858	0.6863577416	0	0	0	1
2.3	2.48961782	-0.9176794344	0	0.664636189	-0.7471671408	0	0.7471671408	0.664636189	0	0	0	1
2.31	2.515270334	-0.9151207129	0	0.6395517852	-0.7687480173	0	0.7687480173	0.6395517852	0	0	0	1
2.32	2.541866936	-0.9127405666	0	0.6106671101	-0.7918874167	0	0.7918874167	0.6106671101	0	0	0	1
2.33	2.569217529	-0.9104007726	0	0.5779359007	-0.8160821617	0	0.8160821617	0.5779359007	0	0	0	1
2.34	2.596989312	-0.9079129037	0	0.5417689196	-0.8405274759	0	0.8405274759	0.5417689196	0	0	0	1
2.35	2.624818861	-0.9051109166	0	0.5027874915	-0.8644100522	0	0.8644100522	0.5027874915	0	0	0	1
2.36	2.652432621	-0.901902467	0	0.4614695002	-0.8871560744	0	0.8871560744	0.4614695002	0	0	0	1
2.37	2.679722045	-0.8982728043	0	0.4179129171	-0.9084870906	0	0.9084870906	0.4179129171	0	0	0	1
2.38	2.706738987	-0.8942514703	0	0.3718584275	-0.9282894537	0	0.9282894537	0.3718584275	0	0	0	1
2.39	2.733633642	-0.8898729586	0	0.3229054856	-0.9464312164	0	0.9464312164	0.3229054856	0	0	0	1
2.4	2.760582276	-0.8851555484	0	0.2707550764	-0.9626482684	0	0.9626482684	0.2707550764	0	0	0	1
2.41	2.787743817	-0.8801036759	0	0.2153470876	-0.9765375732	0	0.9765375732	0.2153470876	0	0	0	1
2.42	2.815250554	-0.8747197626	0	0.1568824985	-0.9876172749	0	0.9876172749	0.1568824985	0	0	0	1
2.43	2.843217381	-0.8690087708	0	0.09579429496	-0.9954011518	0	0.9954011518	0.09579429496	0	0	0	1
2.44	2.871749974	-0.8629667283	0	0.03271700651	-0.9994646554	0	0.9994646554	0.03271700651	0	0	0	1
2.45	2.90094251	-0.8565595279	0	-0.0315433845	-0.9995023836	0	0.9995023836	-0.0315433845	0	0	0	1
2.46	2.930862371	-0.8497016286	0	-0.09607329264	-0.9953742625	0	0.9953742625	-0.09607329264	0	0	0	1
2.47	2.961522402	-0.8422490842	0	-0.1599452733	-0.9871258833	0	0.9871258833	-0.1599452733	0	0	0	1
2.48	2.992842588	-0.8340182619	0	-0.2222992527	-0.974978483	0	0.974978483	-0.2222992527	0	0	0	1
2.49	3.024613194	-0.8248354413	0	-0.2823810058	-0.9593023338	0	0.9593023338	-0.2823810058	0	0	0	1
2.5	3.056482011	-0.8146079672	0	-0.3395460857	-0.9405894193	0	0.9405894193	-0.3395460857	0	0	0	1
2.51	3.087977843	-0.803385714	0	-0.3932572628	-0.9194284775	0	0.9194284775	-0.3932572628	0	0	0	1
2.52	3.118557048	-0.7913959248	0	-0.4430365985	-0.8965035262	0	0.8965035262	-0.4430365985	0	0	0	1
2.53	3.147651346	-0.7790492091	0	-0.4883820537	-0.8726299156	0	0.8726299156	-0.4883820537	0	0	0	1
2.54	3.174720905	-0.7669240261	0	-0.5287105786	-0.8488021702	0	0.8488021702	-0.5287105786	0	0	0	1
2.55	3.19931516	-0.755709047	0	-0.5634108031	-0.8261768981	0	0.8261768981	-0.5634108031	0	0	0	1
2.56	3.221115362	-0.7461136945	0	-0.5919363755	-0.8059846943	0	0.8059846943	-0.5919363755	0	0	0	1
2.57	3.239949017	-0.7387797909	0	-0.6138592725	-0.7894154759	0	0.7894154759	-0.6138592725	0	0	0	1
2.58	3.255787186	-0.7342032617	0	-0.6289089945	-0.7774789236	0	0.7774789236	-0.6289089945	0	0	0	1
2.59	3.26872804	-0.7326771981	0	-0.6370046179	-0.7708599852	0	0.7708599852	-0.6370046179	0	0	0	1
2.6	3.278975095	-0.7342713094	0	-0.6382679354	-0.769814291	0	0.769814291	-0.6382679354	0	0	0	1
2.61	3.286813405	-0.7388538814	0	-0.6330134732	-0.7741407771	0	0.7741407771	-0.6330134732	0	0	0	1
2.62	3.292588912	-0.7461400515	0	-0.6217373775	-0.783225787	0	0.783225787	-0.6217373775	0	0	0	1
2.63	3.296674858	-0.755755269	0	-0.6050389368	-0.7961958835	0	0.7961958835	-0.6050389368	0	0	0	1
2.64	3.299461027	-0.7672078615	0	-0.5837805744	-0.8119114736	0	0.8119114736	-0.5837805744	0	0	0	1
2.65	3.301302248	-0.7800586161	0	-0.5589816747	-0.829180009	0	0.829180009	-0.5589816747	0	0	0	1
2.66	3.302445144	-0.7941910598	0	-0.5308350929	-0.8474751348	0	0.8474751348	-0.5308350929	0	0	0	1
2.67	3.303096884	-0.8096052788	0	-0.4992126857	-0.866479483	0	0.866479483	-0.4992126857	0	0	0	1
2.68	3.303510897	-0.8262199913	0	-0.4644217255	-0.8856141716	0	0.8856141716	-0.4644217255	0	0	0	1
2.69	3.303990606	-0.8438867402	0	-0.4272415161	-0.9041375376	0	0.9041375376	-0.4272415161	0	0	0	1
2.7	3.304842696	-0.8624674437	0	-0.388616866	-0.9213994419	0	0.9213994419	-0.388616866	0	0	0	1
2.71	3.307056826	-0.8809930539	0	-0.352493882	-0.9358141179	0	0.9358141179	-0.352493882	0	0	0	1
2.72	3.310170048	-0.8994742117	0	-0.3124152951	-0.9499456213	0	0.9499456213	-0.3124152951	0	0	0	1
2.73	3.313103595	-0.9179594268	0	-0.2686090155	-0.9632492911	0	0.9632492911	-0.2686090155	0	0	0	1
2.74	3.315502569	-0.9356260523	0	-0.2256631386	-0.9742053931	0	0.9742053931	-0.2256631386	0	0	0	1
2.75	3.317381845	-0.9521847551	0	-0.1840864374	-0.9829100587	0	0.9829100587	-0.1840864374	0	0	0	1
2.76	3.317845941	-0.9609739144	0	-0.1711140297	-0.9852512313	0	0.9852512313	-0.1711140297	0	0	0	1
2.77	3.318132538	-0.9675033664	0	-0.1607250529	-0.9869992185	0	0.9869992185	-0.1607250529	0	0	0	1
2.78	3.31854057	-0.9731052405	0	-0.1439974882	-0.9895780532	0	0.9895780532	-0.1439974882	0	0	0	1
2.79	3.318982544	-0.9775042378	0	-0.1221826666	-0.9925076302	0	0.9925076302	-0.1221826666	0	0	0	1
2.8	3.319347156	-0.9806657948	0	-0.09744561522	-0.9952408513	0	0.9952408513	-0.09744561522	0	0	0	1
2.81	3.319586432	-0.9827381843	0	-0.071466096	-0.9974430295	0	0.9974430295	-0.071466096	0	0	0	1
2.82	3.319706316	-0.9839781777	0	-0.04513944067	-0.998980696	0	0.998980696	-0.04513944067	0	0	0	1
2.83	3.319744324	-0.9846810574	0	-0.01891543381	-0.9998210872	0	0.9998210872	-0.01891543381	0	0	0	1
2.84	3.319759143	-0.9851178004	0	0.007112629071	-0.9999747049	0	0.9999747049	0.007112629071	0	0	0	1
2.85	3.319776031	-0.9854917695	0	0.03373674306	-0.9994307541	0	0.9994307541	0.03373674306	0	0	0	1
2.86	3.319805944	-0.9858649066	0	0.06084413697	-0.9981472792	0	0.9981472792	0.06084413697	0	0	0	1
2.87	3.319844805	-0.9861866772	0	0.08772055473	-0.9961451221	0	0.9961451221	0.08772055473	0	0	0	1
2.88	3.319885213	-0.9864040994	0	0.1139344047	-0.9934882744	0	0.9934882744	0.1139344047	0	0	0	1
2.89	3.319922629	-0.986514364	0	0.139484565	-0.9902242454	0	0.9902242454	0.139484565	0	0	0	1
2.9	3.319955162	-0.9865485326	0	0.1645530783	-0.9863682296	0	0.9863682296	0.1645530783	0	0	0	1
2.91	3.319982078	-0.9865449744	0	0.1893234852	-0.9819147712	0	0.9819147712	0.1893234852	0	0	0	1
2.92	3.320003335	-0.9865400667	0	0.2139568787	-0.9768431062	0	0.9768431062	0.2139568787	0	0	0	1
2.93	3.320019624	-0.9865678876	0	0.2386249526	-0.971111802	0	0.971111802	0.2386249526	0	0	0	1
2.94	3.320032145	-0.9866571791	0	0.2635199042	-0.9646539587	0	0.9646539587	0.2635199042	0	0	0	1
2.95	3.32004216	-0.9868238602	0	0.2888213145	-0.9573830207	0	0.9573830207	0.2888213145	0	0	0	1
2.96	3.320050538	-0.9870648783	0	0.3146434328	-0.94920994	0	0.94920994	0.3146434328	0	0	0	1
2.97	3.320057517	-0.987357237	0	0.3409937582	-0.9400655599	0	0.9400655599	0.3409937582	0	0	0	1
2.98	3.320062608	-0.9876627327	0	0.3677649423	-0.9299187853	0	0.9299187853	0.3677649423	0	0	0	1
2.99	3.320064705	-0.9879360317	0	0.3947614568	-0.9187836482	0	0.9187836482	0.3947614568	0	0	0	1
3	3.320062291	-0.9881333481	0	0.4217422911	-0.9067157437	0	0.9067157437	0.4217422911	0	0	0	1
3.01	3.320053702	-0.9882194084	0	0.4484573496	-0.8938042323	0	0.8938042323	0.4484573496	0	0	0	1
3.02	3.320037374	-0.9881718865	0	0.4746672985	-0.8801653002	0	0.8801653002	0.4746672985	0	0	0	1
3.03	3.320011982	-0.9879834825	0	0.5001510463	-0.8659381796	0	0.8659381796	0.5001510463	0	0	0	1
3.04	3.31997644	-0.9876626306	0	0.5247132906	-0.8512790158	0	0.8512790158	0.5247132906	0	0	0	1
3.05	3.31992992	-0.987233066	0	0.548200644	-0.8363468502	0	0.8363468502	0.548200644	0	0	0	1
3.06	3.319871966	-0.9867317066	0	0.5705234688	-0.8212812987	0	0.8212812987	0.5705234688	0	0	0	1
3.07	3.319802689	-0.9862044886	0	0.5916764634	-0.806175516	0	0.806175516	0.5916764634	0	0	0	1
3.08	3.319723024	-0.9857002932	0	0.6117514794	-0.7910500158	0	0.7910500158	0.6117514794	0	0	0	1
3.09	3.319634986	-0.9852634179	0	0.6309321004	-0.7758380532	0	0.7758380532	0.6309321004	0	0	0	1
3.1	3.319541607	-0.9849260244	0	0.6494636601	-0.7603926316	0	0.7603926316	0.6494636601	0	0	0	1
3.11	3.319446514	-0.9846996051	0	0.6675989078	-0.7445211201	0	0.7445211201	0.6675989078	0	0	0	1
3.12	3.319353439	-0.9845693003	0	0.6855406031	-0.7280343959	0	0.7280343959	0.6855406031	0	0	0	1
3.13	3.319265644	-0.9844908664	0	0.7034001072	-0.7107941257	0	0.7107941257	0.7034001072	0	0	0	1
3.14	3.319185805	-0.9843933147	0	0.7211729114	-0.6927551024	0	0.6927551024	0.7211729114	0	0	0	1
3.15	3.319116372	-0.9841868847	0	0.7387336914	-0.6739974282	0	0.6739974282	0.7387336914	0	0	0	1
3.16	3.31906038	-0.9837755075	0	0.7558493092	-0.654745616	0	0.654745616	0.7558493092	0	0	0	1
3.17	3.319022573	-0.9830713441	0	0.7722042098	-0.6353744238	0	0.6353744238	0.7722042098	0	0	0	1
3.18	3.319011752	-0.9820107834	0	0.7874376732	-0.616394282	0	0.616394282	0.7874376732	0	0	0	1
3.19	3.319046117	-0.9805681536	0	0.8011832124	-0.5984191342	0	0.5984191342	0.8011832124	0	0	0	1
3.2	3.319171359	-0.978765564	0	0.8130907381	-0.5821369698	0	0.5821369698	0.8130907381	0	0	0	1
3.21	3.319646391	-0.9766803102	0	0.8225496438	-0.5686933123	0	0.5686933123	0.8225496438	0	0	0	1
3.22	3.321987184	-0.9746292482	0	0.827424689	-0.5615766947	0	0.5615766947	0.827424689	0	0	0	1
3.23	3.32623495	-0.972942071	0	0.8288891344	-0.5594129092	0	0.5594129092	0.8288891344	0	0	0	1
3.24	3.331527866	-0.9715632689	0	0.8286782365	-0.5597252721	0	0.5597252721	0.8286782365	0	0	0	1
3.25	3.337361427	-0.9703911163	0	0.8274712636	-0.5615080657	0	0.5615080657	0.8274712636	0	0	0	1
3.26	3.343368269	-0.9693469661	0	0.8257346972	-0.5640586936	0	0.5640586936	0.8257346972	0	0	0	1
3.27	3.349247312	-0.968381733	0	0.8240100734	-0.5665751485	0	0.5665751485	0.8240100734	0	0	0	1
3.28	3.35480104	-0.9674837245	0	0.8228244468	-0.5682956359	0	0.5682956359	0.8228244468	0	0	0	1
3.29	3.359934483	-0.9666685765	0	0.8225834013	-0.5686444829	0	0.5686444829	0.8225834013	0	0	0	1
3.3	3.364539627	-0.9660856903	0	0.8242490533	-0.5662274262	0	0.5662274262	0.8242490533	0	0	0	1
3.31	3.369870234	-0.9654692627	0	0.8249638712	-0.5651854661	0	0.5651854661	0.8249638712	0	0	0	1
3.32	3.376867902	-0.9643907437	0	0.8240715332	-0.5664857529	0	0.5664857529	0.8240715332	0	0	0	1
3.33	3.385154587	-0.9625536153	0	0.8240438828	-0.566525974	0	0.566525974	0.8240438828	0	0	0	1
3.34	3.395255245	-0.9600700455	0	0.8242113915	-0.566282246	0	0.566282246	0.8242113915	0	0	0	1
3.35	3.408136754	-0.9571429802	0	0.8229669682	-0.5680892264	0	0.5680892264	0.8229669682	0	0	0	1
3.36	3.424648958	-0.9542629536	0	0.818420272	-0.5746200992	0	0.5746200992	0.818420272	0	0	0	1
3.37	3.444700506	-0.9519060869	0	0.8093761578	-0.5872905883	0	0.5872905883	0.8093761578	0	0	0	1
3.38	3.467349636	-0.9496991983	0	0.7965461188	-0.6045777705	0	0.6045777705	0.7965461188	0	0	0	1
3.39	3.491233173	-0.9469211043	0	0.7820042971	-0.6232730375	0	0.6232730375	0.7820042971	0	0	0	1
3.4	3.515168897	-0.9431805399	0	0.7676775587	-0.6408363019	0	0.6408363019	0.7676775587	0	0	0	1
3.41	3.53849297	-0.93863374	0	0.7544120205	-0.6564011756	0	0.6564011756	0.7544120205	0	0	0	1
3.42	3.561067495	-0.9337993405	0	0.7419908038	-0.6704100589	0	0.6704100589	0.7419908038	0	0	0	1
3.43	3.583121953	-0.9292675926	0	0.7295793978	-0.6838961195	0	0.6838961195	0.7295793978	0	0	0	1
3.44	3.605109196	-0.9253801585	0	0.7160070773	-0.6980930205	0	0.6980930205	0.7160070773	0	0	0	1
3.45	3.627415571	-0.9220959417	0	0.7005306261	-0.7136223384	0	0.7136223384	0.7005306261	0	0	0	1
3.46	3.650307524	-0.9192390748	0	0.6828541546	-0.7305547232	0	0.7305547232	0.6828541546	0	0	0	1
3.47	3.673986611	-0.916713719	0	0.6625989582	-0.7489743791	0	0.7489743791	0.6625989582	0	0	0	1
3.48	3.698554812	-0.9144862191	0	0.639260259	-0.7689904559	0	0.7689904559	0.639260259	0	0	0	1
3.49	3.723949469	-0.9124803055	0	0.6125285029	-0.7904485013	0	0.7904485013	0.6125285029	0	0	0	1
3.5	3.749932426	-0.9105409341	0	0.58252145	-0.8128153298	0	0.8128153298	0.58252145	0	0	0	1
3.51	3.77615897	-0.9084810702	0	0.5497174002	-0.8353506927	0	0.8353506927	0.5497174002	0	0	0	1
3.52	3.802294585	-0.9061497716	0	0.5146616299	-0.8573933792	0	0.8573933792	0.5146616299	0	0	0	1
3.53	3.828119311	-0.9034678226	0	0.4776614884	-0.8785439673	0	0.8785439673	0.4776614884	0	0	0	1
3.54	3.853575333	-0.9004200147	0	0.4386453705	-0.8986602467	0	0.8986602467	0.4386453705	0	0	0	1
3.55	3.878744591	-0.8970215272	0	0.3972411747	-0.9177142524	0	0.9177142524	0.3972411747	0	0	0	1
3.56	3.903784685	-0.8932857089	0	0.3529833987	-0.935629585	0	0.935629585	0.3529833987	0	0	0	1
3.57	3.928862975	-0.8892105396	0	0.3055179948	-0.9521863026	0	0.9521863026	0.3055179948	0	0	0	1
3.58	3.954120182	-0.8847854205	0	0.2547149491	-0.9670161812	0	0.9670161812	0.2547149491	0	0	0	1
3.59	3.979662551	-0.8800049936	0	0.2006981976	-0.979653119	0	0.979653119	0.2006981976	0	0	0	1
3.6	4.005574823	-0.8748776702	0	0.1438287723	-0.9896025891	0	0.9896025891	0.1438287723	0	0	0	1
3.61	4.031936681	-0.8694198989	0	0.08467230163	-0.9964088525	0	0.9964088525	0.08467230163	0	0	0	1
3.62	4.058835779	-0.8636388016	0	0.02394644456	-0.9997132428	0	0.9997132428	0.02394644456	0	0	0	1
3.63	4.086371683	-0.857511592	0	-0.03754840675	-0.9992948099	0	0.9992948099	-0.03754840675	0	0	0	1
3.64	4.114640257	-0.8509629478	0	-0.09901593053	-0.9950858483	0	0.9950858483	-0.09901593053	0	0	0	1
3.65	4.143697437	-0.8438586148	0	-0.1597158234	-0.987163034	0	0.987163034	-0.1597158234	0	0	0	1
3.66	4.173509336	-0.8360246384	0	-0.2189784904	-0.9757296863	0	0.9757296863	-0.2189784904	0	0	0	1
3.67	4.203912109	-0.8272967364	0	-0.2762067512	-0.9610982419	0	0.9610982419	-0.2762067512	0	0	0	1
3.68	4.234604478	-0.8175830411	0	-0.3308898655	-0.943669379	0	0.943669379	-0.3308898655	0	0	0	1
3.69	4.265171317	-0.8069132704	0	-0.3826047147	-0.9239121345	0	0.9239121345	-0.3826047147	0	0	0	1
3.7	4.295117575	-0.7954662143	0	-0.4309543562	-0.9023737268	0	0.9023737268	-0.4309543562	0	0	0	1
3.71	4.323903655	-0.7835856476	0	-0.4754654508	-0.8797343946	0	0.8797343946	-0.4754654508	0	0	0	1
3.72	4.351002584	-0.7717700612	0	-0.5155713856	-0.8568466294	0	0.8568466294	-0.5155713856	0	0	0	1
3.73	4.375954912	-0.7606253608	0	-0.5506783401	-0.8347175365	0	0.8347175365	-0.5506783401	0	0	0	1
3.74	4.398409079	-0.7507976265	0	-0.5802327501	-0.8144507079	0	0.8144507079	-0.5802327501	0	0	0	1
3.75	4.418140399	-0.7429037242	0	-0.6037605164	-0.7971657537	0	0.7971657537	-0.6037605164	0	0	0	1
3.76	4.435056584	-0.7374589612	0	-0.6209154066	-0.7838775783	0	0.7838775783	-0.6209154066	0	0	0	1
3.77	4.449187918	-0.7348168011	0	-0.6315189647	-0.7753604305	0	0.7753604305	-0.6315189647	0	0	0	1
3.78	4.460669662	-0.7351368648	0	-0.6355769025	-0.7720375645	0	0.7720375645	-0.6355769025	0	0	0	1
3.79	4.469721862	-0.7383876144	0	-0.6332768789	-0.773925316	0	0.773925316	-0.6332768789	0	0	0	1
3.8	4.476628357	-0.7443792546	0	-0.6249776752	-0.7806426234	0	0.7806426234	-0.6249776752	0	0	0	1
3.81	4.48171199	-0.7528160309	0	-0.6111737497	-0.7914964609	0	0.7914964609	-0.6111737497	0	0	0	1
3.82	4.485312164	-0.7633089123	0	-0.5924689466	-0.805593289	0	0.805593289	-0.5924689466	0	0	0	1
3.83	4.487771992	-0.7753927916	0	-0.5698252926	-0.8217658644	0	0.8217658644	-0.5698252926	0	0	0	1
3.84	4.489354243	-0.7888320987	0	-0.5437527282	-0.8392454769	0	0.8392454769	-0.5437527282	0	0	0	1
3.85	4.490253972	-0.8036078738	0	-0.5141294514	-0.8577126017	0	0.8577126017	-0.5141294514	0	0	0	1
3.86	4.490690672	-0.8196728982	0	-0.4810274141	-0.8767055531	0	0.8767055531	-0.4810274141	0	0	0	1
3.87	4.490944734	-0.8368920993	0	-0.4450312889	-0.8955150205	0	0.8955150205	-0.4450312889	0	0	0	1
3.88	4.491326212	-0.8551101309	0	-0.407024779	-0.9134171168	0	0.9134171168	-0.407024779	0	0	0	1
3.89	4.492517103	-0.8737263279	0	-0.369998616	-0.9290323052	0	0.9290323052	-0.369998616	0	0	0	1
3.9	4.495524686	-0.8917449224	0	-0.3335923741	-0.9427174168	0	0.9427174168	-0.3335923741	0	0	0	1
3.91	4.498590135	-0.9100540965	0	-0.2913621282	-0.9566128319	0	0.9566128319	-0.2913621282	0	0	0	1
3.92	4.501216039	-0.927771577	0	-0.2487725154	-0.968561942	0	0.968561942	-0.2487725154	0	0	0	1
3.93	4.503312574	-0.9444441824	0	-0.2076242035	-0.9782086639	0	0.9782086639	-0.2076242035	0	0	0	1
3.94	4.504540782	-0.9573992019	0	-0.1780671421	-0.9840183397	0	0.9840183397	-0.1780671421	0	0	0	1
3.95	4.504785479	-0.9640402498	0	-0.1700188913	-0.9854408032	0	0.9854408032	-0.1700188913	0	0	0	1
3.96	4.505156301	-0.9699520181	0	-0.1561316024	-0.9877362617	0	0.9877362617	-0.1561316024	0	0	0	1
3.97	4.50561799	-0.9748168974	0	-0.1363452552	-0.9906613808	0	0.9906613808	-0.1363452552	0	0	0	1
3.98	4.506051673	-0.9784990765	0	-0.1125939608	-0.9936410821	0	0.9936410821	-0.1125939608	0	0	0	1
3.99	4.506369354	-0.9810614266	0	-0.08693373601	-0.9962140962	0	0.9962140962	-0.08693373601	0	0	0	1
4	4.50655628	-0.9827064728	0	-0.06063930451	-0.9981597441	0	0.9981597441	-0.06063930451	0	0	0	1
4.01	4.50663683	-0.9837011605	0	-0.03434807692	-0.9994099307	0	0.9994099307	-0.03434807692	0	0	0	1
4.02	4.506665118	-0.9843127696	0	-0.00843338942	-0.9999644383	0	0.9999644383	-0.00843338942	0	0	0	1
4.03	4.506685402	-0.9847688879	0	0.01747359584	-0.9998473251	0	0.9998473251	0.01747359584	0	0	0	1
4.04	4.506714519	-0.9852035649	0	0.04389938819	-0.9990359572	0	0.9990359572	0.04389938819	0	0	0	1
4.05	4.506754862	-0.985616191	0	0.0703402286	-0.9975230585	0	0.9975230585	0.0703402286	0	0	0	1
4.06	4.506799344	-0.985947308	0	0.09618840416	-0.9953631452	0	0.9953631452	0.09618840416	0	0	0	1
4.07	4.506841585	-0.9861694608	0	0.1212745173	-0.9926190062	0	0.9926190062	0.1212745173	0	0	0	1
4.08	4.50687859	-0.9863015481	0	0.1457577095	-0.9893203172	0	0.9893203172	0.1457577095	0	0	0	1
4.09	4.506909397	-0.9863814675	0	0.1698694002	-0.9854665833	0	0.9854665833	0.1698694002	0	0	0	1
4.1	4.506933906	-0.986446604	0	0.19380685	-0.9810397061	0	0.9810397061	0.19380685	0	0	0	1
4.11	4.506952667	-0.9865303828	0	0.2177476365	-0.9760051059	0	0.9760051059	0.2177476365	0	0	0	1
4.12	4.506966791	-0.9866619369	0	0.2418782514	-0.9703066069	0	0.9703066069	0.2418782514	0	0	0	1
4.13	4.506977591	-0.9868613066	0	0.2663859877	-0.9638664355	0	0.9638664355	0.2663859877	0	0	0	1
